5,4,3,2-0.2658467,-2.213373,3.340603,-4.652196,2.186556,-0.8905327,-1.35547,4.666543,1.466495,4.194204,-2.366825,-0.8284948,-1.88984,-4.732941,0.452445,1.952776,-1.556913,-0.5733488,-3.150301,-4.243134,-4.221264,-2.598342,4.002229,0.7149953,3.874978,-2.706285,1.900279,4.926126,-0.7406499,0.4228635,3.769689,0.798152,0.7953043,-1.699763,2.850158,-0.1773314,4.59118,0.9450097,0.04032207,4.997283,2.143465,-0.2205615,-0.5315688,-4.030315,2.851882,-2.349941,0.8938779
4.665513,-2.114803,3.334479,-4.356001,3.072234,-0.7988226,2.783912,-1.524404,-0.7384915,4.828002,-4.48275,-1.022028,-1.820472,-3.174174,-3.136292,3.79424,4.958011,-1.578082,-2.138574,-3.091269,1.446741,1.654376,2.357104,1.570153,-3.429456,0.4215174,2.208395,-1.082893,-0.4213731,4.947969,-1.385209,-2.395353,-4.960787,1.422015,4.747996,-0.5634336,-2.285305,-1.185865,1.953738,4.599042,0.1293368,1.45265,-0.9981019,4.725088,-1.46053,-0.4625864,1.222872
-4.521036,2.538123,-4.899016,1.494672,4.866592,0.6262283,-0.948977,-4.077949,-3.834348,0.6573467,4.214057,0.2181313,0.2404385,1.881551,-4.65343,-4.169497,0.7473164,1.4489,-3.907581,2.961056,0.37149,-4.359091,2.113577,1.024698,-2.418802,2.231813,-1.951464,4.839935,-0.9069216,2.650081,-0.0838666,4.305778,-3.410828,1.656359,1.806439,4.207752,3.524091,4.750346,0.885941,1.330057,-0.2884011,4.717089,0.7443466,2.448629,-0.9021478,-0.2082796,-0.6394298
4.158797,-4.117064,4.528635,2.993897,-1.202195,-1.509574,1.16061,3.153111,-1.897154,-2.639828,-0.09222794,-0.06046844,1.2441,-4.532832,4.872998,-2.790197,-3.647357,1.249372,1.567219,1.890869,2.210136,-1.668373,-1.350049,0.4836814,1.255265,-1.826053,-0.7303028,2.732624,1.866775,-1.512197,-2.223215,4.126096,0.394084,-1.743275,0.9492426,-0.3430562,-1.624382,2.871439,1.172045,0.2612786,0.5589337,3.951345,-0.6778076,2.940775,2.730641,-4.438439,-0.05586028
3.585074,-3.502781,-3.471925,-3.186193,-4.590813,1.378053,-1.479926,3.977125,-3.658386,-0.7504005,-1.28052,-0.4540517,3.937331,1.341556,-3.502769,-4.328462,-3.129096,0.5050139,0.4745908,-3.342415,-0.7095523,-0.4643221,3.188337,0.09036994,-2.596521,3.242303,2.426472,4.811462,0.4313033,-3.131719,-4.240397,3.624425,3.792008,0.5808572,-2.292777,1.022257,2.309984,3.547966,0.6041846,1.201146,-2.632237,4.163327,-1.972628,-3.259641,4.033113,0.815043,-0.7990906
0.2104206,-3.614862,3.314589,4.542183,0.4893713,-1.143745,1.190007,-4.888758,2.573247,-1.007096,-2.900102,0.8817472,-1.814737,-0.2565532,-1.581858,0.8738689,2.871053,-1.161793,4.760617,2.779961,-4.509184,-0.5296059,-0.8225636,-1.343028,3.216507,2.762067,-4.086541,3.762743,-0.8648698,1.712866,-4.412888,4.805334,4.921278,1.421548,-3.375932,2.558763,3.163246,-0.8538275,-1.98281,-1.155987,2.287085,0.5542498,1.761774,0.8468013,-3.873199,1.190292,1.90678
-1.421497,-1.425293,1.023825,-1.494933,4.693693,1.775741,0.9994287,-0.5535297,2.418251,-4.002726,-2.197104,1.164033,-0.3036327,1.929135,0.375176,4.36059,3.701551,1.403233,0.935883,-4.967802,1.683161,3.288198,-0.3587813,-0.8873303,2.911813,-0.3468184,-4.62216,-1.838701,0.9616794,1.679842,-4.830045,2.019007,-0.432363,0.4078691,1.265982,-1.558612,3.492045,-3.161212,-0.3686359,1.805253,2.226868,0.3889532,-0.6805532,4.45191,-0.6754737,-0.8156233,0.4513752
-1.79301,-3.577564,-2.277784,-0.8800249,-1.584432,-0.9865973,2.625692,4.244719,4.258791,2.069821,1.065084,-0.7214663,-3.728298,-1.557506,3.978754,-4.165645,-2.328948,0.1430919,2.981882,0.02692032,4.903156,2.226974,-1.394271,1.872928,-1.817673,-4.788874,-0.9716387,0.8461614,-1.613756,-3.993749,0.2590914,-3.872169,4.13733,0.05755973,-0.7270985,-1.148135,0.931098,0.1271672,0.4300358,3.154466,4.311945,-0.2840381,0.3042853,-4.021544,-4.039257,3.969702,1.343344
4.289366,-4.045606,2.312799,-3.826121,-2.651267,-0.6015098,-2.696656,4.833645,3.625811,-0.3677731,1.424098,-0.8000281,3.505726,-3.797352,2.701199,4.629519,2.725737,-0.5495708,-1.191931,4.148195,2.548255,-2.631831,-1.946009,0.5011029,0.2116652,3.969668,3.817417,2.954807,1.401375,-1.671098,3.403257,2.131469,3.112452,1.973265,3.115672,3.758718,-1.28215,3.240472,-0.1202033,-2.415289,-1.825438,4.25169,0.65948,-0.1617579,1.235674,-0.1611753,-0.7702477
0.1021929,2.351011,-0.5727892,3.397106,0.8955235,-0.6766136,-1.473348,2.96735,4.131069,4.867928,1.209135,-1.066444,2.621553,-0.187902,1.081655,2.940624,-3.769354,1.653963,-3.5351,-0.9605355,0.6519418,1.834664,-1.144398,-0.4063933,-4.741269,-2.249479,-1.302547,-3.146316,-1.910412,0.354641,-4.692867,-2.411375,1.143344,-0.2358501,3.112968,-0.191627,-0.3132014,-1.484468,-1.593559,3.185464,-1.097874,0.1009374,0.6587729,3.005143,-0.5600863,4.342422,-1.814895
-2.536271,2.827092,-2.157952,0.1430864,-4.711784,-1.277855,4.285995,-4.528923,-3.21842,4.32084,-3.330408,0.06404376,0.1008706,4.463902,0.5288439,4.144307,-4.101377,0.311116,-1.616326,1.156065,-1.396527,-2.523011,-4.706186,1.864133,-3.353152,-2.479968,-3.457804,3.72893,-0.1339457,1.321803,1.006985,-4.785118,2.436706,-0.9939125,-4.949117,-1.844469,0.3354855,-1.085966,1.906338,2.678113,-4.368732,-0.1186414,0.2784932,-3.297414,-0.6091089,-2.085183,1.415138
-0.375772,-3.370868,-0.05954695,-4.812931,-3.265084,0.911499,1.014261,-4.035063,1.251006,-2.269053,1.026921,-0.6070206,0.8926697,-4.047385,-1.563302,-3.327976,0.7750254,-1.441095,4.074286,2.764181,1.939088,-0.4630084,0.5175309,0.4831746,-3.487251,4.17484,2.430558,3.424835,-1.131273,-3.605219,1.908314,-3.082747,-1.047357,0.5232868,4.475879,-1.977758,-2.735617,3.891512,0.1029575,3.393087,4.348994,-0.6011457,1.573453,-3.505676,4.254587,0.5627637,1.701082
-1.728263,-4.019054,2.038622,0.4473014,-2.622963,-0.9169981,3.661427,-3.487741,-0.4073377,0.9721093,-4.748669,1.997153,-1.670615,1.397555,3.082385,2.837645,4.121963,-1.116274,0.08645344,-4.489342,-4.377253,-3.364012,4.939875,-1.690905,-3.075037,-0.3000612,-4.031618,-0.2071481,0.498482,1.319771,-1.155179,3.293766,0.7003922,1.646399,3.95009,-0.1929407,-2.908153,4.855851,1.3913,3.059717,4.948998,-4.294232,-0.02938914,2.657071,0.5819745,-3.638529,-0.07383037
-1.039083,4.834776,1.006565,4.416953,3.206323,0.3811586,-0.2797966,-3.161135,-4.735493,-2.817152,-2.99294,-0.4143689,2.32249,3.465819,-1.753505,-1.416599,1.465592,1.085073,4.255882,-4.000534,2.67733,0.12011,-4.400186,-1.630432,0.2163453,-1.149017,3.734965,0.9970884,0.9007725,-1.470054,1.345772,-2.564967,4.906851,1.349356,-0.1627712,2.616678,-3.124022,2.964235,0.5403556,2.635248,0.8606439,-2.877899,1.121222,0.8705158,-0.108047,0.8539028,-1.411586
1.576183,-3.751173,-4.787304,1.38294,-0.384901,1.876549,3.912677,0.8262844,-2.526031,-4.200019,-4.834256,-1.49069,1.215322,1.857725,0.6105928,4.774105,-3.182506,-0.2707741,1.295405,-4.924127,4.822525,-0.5772634,3.486882,-1.254696,-2.892069,-0.560091,-2.460937,-0.8003421,1.841632,-4.992188,-2.168161,-1.340737,-4.781752,-0.9441264,-0.7929344,-2.897839,1.656049,-3.905747,-0.09788156,2.80063,-4.030313,3.622333,1.97197,0.7947154,-2.752389,4.904262,-0.8895953
3.195207,-2.959816,3.257604,0.8413105,1.09652,-0.9392593,-0.6179481,-3.10522,-1.850138,-3.506824,3.658341,-1.100995,2.952047,1.055274,3.790216,4.159081,4.561479,0.09505725,3.75567,0.1492591,2.387065,-3.052989,4.107164,-1.754177,0.8258181,-0.7028956,-4.983529,-4.379197,0.9156064,-0.4053206,-4.014916,-4.842874,-2.560828,1.840584,-2.197396,1.809145,1.498833,-0.9258933,1.906196,-0.4558749,-0.5569739,0.6358795,1.801318,-1.197044,-4.930285,2.003675,-1.219128
2.752616,4.494898,-2.471776,-1.340702,-0.3966742,-0.8131392,-0.5390449,-0.7369428,3.926611,-4.804515,-4.320251,1.150794,3.240444,0.8893328,1.516334,-2.91302,-2.683734,-0.9232905,-2.894627,3.876591,-4.834793,-3.71644,-1.443705,0.4785755,-2.513352,2.384185,-0.5751567,1.739952,-1.845963,-2.39391,0.731575,-3.971134,-1.525263,0.1970327,4.56998,-4.289093,1.033106,-3.081075,1.167801,3.662379,0.976594,3.094021,-1.259134,0.5463843,4.799501,-1.664181,1.452442
2.454813,3.273613,-0.4052238,1.476531,-0.0083251,-1.040908,2.048999,2.92248,-2.045376,1.871828,-1.826299,-1.559464,4.495389,-1.891181,2.003131,-2.075904,3.955786,0.9936861,-2.743747,-4.946415,4.373793,-0.7199149,-2.736281,-0.7244909,2.041207,3.385534,-3.361076,-1.075955,1.329482,2.575789,-4.19951,2.937651,-0.5830998,0.8708567,-3.499717,4.776709,0.8361392,0.731246,0.2513487,-3.814164,3.298844,4.99521,-1.225972,1.569758,1.188233,-2.706546,-1.401257
-2.611625,-0.8027167,3.689312,-1.710224,-3.611725,1.62055,-2.516866,2.981515,-0.5434136,-4.627409,-3.067595,1.71305,0.9683709,2.090791,-1.071613,0.007756233,-3.997889,-0.3388836,3.467109,3.844696,-0.5311985,-2.649179,3.917147,1.237949,-4.074492,1.45114,-1.642148,0.6094761,0.1619222,4.326953,-2.15811,-3.040551,-4.334202,0.2790964,4.088797,-1.623089,0.8235378,-3.787431,0.3100865,-1.080053,2.984929,1.001335,0.5546893,1.574064,-4.191714,-4.404206,1.867818
1.500548,-2.829045,-0.02213764,-1.28357,-3.388282,-1.875618,1.827263,1.225941,4.939835,-2.396555,0.6985731,-0.5336406,-3.979973,-1.457226,-3.414946,-0.4206662,-0.5821557,0.5860729,-0.6049972,-0.8292561,1.957503,3.179272,2.195128,-0.1845653,-4.755439,0.4127712,2.158729,-4.620625,0.4616821,-2.603095,-4.876362,1.17621,4.30159,-0.8470628,-4.955641,-0.4275436,0.6258149,-0.1745505,0.3494012,2.630888,3.760241,0.286593,0.1571171,-0.3878946,-2.606319,3.620112,-0.8721879
-2.997267,4.039756,-2.826917,-4.424676,1.141265,1.562926,-3.712024,0.8221345,3.093853,0.4010897,2.827149,-0.7451317,4.946148,3.71093,-3.264652,1.435089,0.09929228,-0.4981506,-2.196188,-1.410182,2.636498,2.174273,-4.902755,-1.767618,3.326161,4.383288,1.444781,1.820117,-1.544637,4.811554,3.657342,2.147235,-4.217369,1.075672,-4.957109,-3.621485,3.961308,-2.533867,1.302636,2.640086,4.257573,-0.9543128,0.3667667,2.893467,-3.527054,2.596084,0.9893269
-4.064318,-4.483702,-2.992793,-0.2795167,1.335637,1.573497,-4.634626,-3.577332,-3.725065,-0.2198629,4.093193,1.72465,1.399654,4.917057,-1.458402,-4.581181,-1.549077,-1.467646,0.6652064,-0.3002472,-0.1916866,-0.09470415,-2.306642,1.455927,0.225225,3.803786,4.0207,-4.593534,-0.9497731,4.140808,-4.332732,-2.935919,-2.720807,0.03699136,3.339979,-0.993598,1.773747,2.739186,-0.3120863,-1.571305,0.3921194,4.070434,1.630914,2.705911,1.7933,-2.523,1.273986
2.239076,2.00642,-3.243694,-3.73982,-0.4995914,0.3138406,-1.03662,1.991035,-0.7341213,-4.956272,2.106594,-0.8582399,4.48676,-4.073549,-4.03756,2.413016,2.353588,1.88841,2.264687,-4.723881,0.3595181,0.9093733,-1.86646,-1.032803,1.999002,3.381585,-0.1219888,2.538993,0.7659511,1.833122,-2.573705,-3.257492,2.917914,-1.823214,2.499893,-3.51496,-2.020548,-4.83817,0.8409175,3.86972,1.801052,0.5337162,0.7945694,-1.784775,3.898543,4.787916,0.6380691
3.504776,-3.053739,-0.3895502,2.594982,3.355248,0.7959566,-1.379321,-3.996634,1.683276,0.4456873,-3.049584,1.087155,0.9135289,-1.944508,1.652107,-2.502573,4.80888,1.709965,-4.913751,-4.506458,-4.709726,3.928843,-3.289571,1.691439,-2.928953,-2.132971,-4.449076,4.563745,-0.2854397,-1.305876,3.98463,-2.029576,-3.227449,-0.9477346,1.944175,3.327559,-0.9028916,4.783355,0.1952102,0.9279304,-3.896823,2.953549,0.869256,-1.110948,0.1194363,0.3745265,-0.8958194
-3.120407,-4.438686,2.246274,4.338032,4.576015,0.4737389,4.921607,2.134472,1.660583,0.4763012,-2.260646,-0.162235,-1.969435,2.045417,1.215791,-0.04456329,0.4785891,0.1217411,0.5011077,-4.841018,-3.744442,-2.050896,4.836056,1.888153,4.73853,-2.483646,2.723449,0.8245511,0.05070376,2.684939,1.880747,-3.347723,3.65365,0.2891066,1.984136,1.9156,2.393779,4.549608,-0.4043529,1.712168,2.026213,0.07286263,-1.380089,2.536596,-0.4819865,-0.1544862,-0.470711
-0.8333402,-3.381676,0.3812485,-4.066869,-1.5412,1.111465,-0.1443548,-3.186269,-0.06715822,-1.39872,2.647194,-1.901126,-4.539723,3.898811,-2.11755,-4.829425,0.8221798,1.453928,-4.646418,3.027762,-2.281707,3.071728,-3.162274,0.6506123,-2.686777,-2.981193,-3.862601,-4.822592,-0.05432582,-1.682168,2.669332,-0.6677074,1.780128,-0.9754632,-4.166684,0.05001116,-4.449157,-0.8369403,-0.3662479,-0.5341272,4.482386,-4.497381,-0.568258,-0.7559032,4.108345,-0.1277189,-0.7133367
3.38951,0.7435651,3.453482,0.4633408,-2.418416,1.968494,-1.684644,-0.3878303,2.13209,-2.280365,-2.620434,-0.3456757,4.79639,4.917988,-2.866676,-4.343181,-4.747171,-0.6950185,4.052472,2.955102,1.507008,-3.185444,-1.213568,1.741477,-1.253728,-3.352047,3.431045,0.7622938,-1.549192,-3.121356,4.495325,-0.7370801,-3.98445,-1.382397,-1.195039,-3.718447,-3.720543,-3.782769,1.787242,-2.41798,-3.526623,-3.819885,0.9982557,-0.5964475,-2.812955,4.549215,-0.7498577
-2.989542,0.6420369,1.944868,4.02258,2.884727,-1.564241,-3.270984,-0.05430651,2.645622,4.104585,2.30575,-0.5875418,-1.147888,3.701124,-0.7210488,-1.097138,-1.981054,0.7798027,4.390584,-0.19697,-4.757607,2.823318,-3.054493,1.511174,3.172518,0.6867213,1.077648,-0.3037648,-1.362276,1.031731,3.088055,-1.630726,1.127636,1.236878,-2.639524,3.503166,-4.034262,0.6244273,1.157771,4.369497,-0.07532787,-0.5674891,0.5177545,-1.043353,2.388066,-3.557648,0.7476024
-1.55019,-3.056473,-3.319429,1.655788,4.518887,-0.9870727,3.857918,0.03749895,1.140142,3.919917,-3.72182,-0.4908211,-1.091103,1.552765,1.950712,2.247245,4.635198,1.801594,-3.597827,-1.104355,2.516174,2.566507,-2.648373,-1.914404,-4.966811,2.142233,4.000645,-1.522935,0.9997324,2.51947,-2.057126,-4.09169,-2.981195,0.002740145,0.9330063,0.8596067,-3.696781,3.621056,0.04981208,3.447094,4.785882,-2.275371,1.664172,1.957261,-1.744476,-3.55955,-0.7369044
3.370887,-3.689066,-4.185815,-2.018641,3.048,0.7500858,-3.83034,2.357837,-3.270569,-1.117003,-3.244503,1.629982,0.4000287,3.115551,3.522378,-2.428618,-2.04169,1.49178,-2.635264,4.840192,-2.051628,0.3701587,-0.3145976,1.190038,4.517117,4.115349,-3.303056,-0.978765,-0.4233768,-2.544161,0.3087182,-4.674602,-4.005265,-1.36805,2.42668,4.631287,0.5294652,1.833528,1.964954,2.525816,2.02513,2.797127,1.380809,-2.702901,2.078711,3.173889,-1.082155
2.381219,2.684775,-4.867201,4.860252,-1.097557,-0.9268215,-2.06101,2.693344,4.968761,0.8993917,-4.135529,-0.5321567,0.6274562,-2.831058,-4.467871,4.357471,-1.623857,-1.821503,-1.78133,-3.414875,0.4230719,0.236495,2.114468,1.074834,1.053477,-1.169374,-4.909148,-4.272718,-0.5926502,-0.02271605,3.631284,-1.480674,1.557028,-0.08481097,3.314882,3.955883,4.44883,0.2687116,-0.505069,-1.45061,0.3947206,2.979984,-0.5582855,4.537861,-3.873406,3.274339,-0.8566282
-3.153458,1.333889,-1.439937,1.153891,4.491746,-1.479208,-1.172469,-1.924247,1.269828,-2.368397,4.483076,0.8638105,-0.1064653,4.347097,1.297644,-1.075373,-1.980505,1.998819,-0.9689717,0.5301447,2.793403,3.07377,4.749514,-1.00764,-4.8413,3.436957,-1.005309,-2.326982,-1.439606,4.605286,3.6007,-1.513544,-0.6172042,1.570812,-4.982324,3.977176,-0.5614905,4.785187,0.2279017,0.6498284,-2.07246,4.071795,0.1043036,-2.122002,-0.8281107,2.99165,-0.7169802
-4.139357,-1.762635,-4.091502,-2.76922,-4.459656,-1.236976,-4.442206,-3.103162,0.325026,-3.318693,-1.750632,-1.822579,3.473873,-0.06208611,-4.757626,2.129274,2.900058,-0.04582715,2.864398,-4.724026,-0.2087955,-3.711308,1.06042,1.104695,4.155025,0.5015473,1.170785,-3.43068,1.291557,0.8527799,4.012476,-4.474628,1.70259,0.6351766,-4.467149,-4.766054,0.6220145,4.292073,-0.7768214,4.457217,-4.242772,0.5985694,1.29069,-1.093386,-3.089352,4.368679,-1.661613
-2.213246,-3.35767,-3.237717,0.6447272,2.034936,-0.4523346,4.208734,4.372674,4.747809,0.22682,4.122424,1.609869,4.409775,-3.471848,2.408907,-0.5815501,1.993565,-0.8721416,-1.069453,-2.96068,-2.932424,4.345603,3.393603,1.264387,4.853689,-0.1566248,-1.621459,2.381757,0.5370154,-0.5741377,1.262782,-1.817271,1.906547,-1.621018,-0.3788109,-1.366747,3.04112,-2.214596,1.690582,3.875513,-1.292352,-0.8671241,1.379458,-4.829893,0.8675795,2.004921,0.007402182
-0.1771207,3.91634,4.875303,-1.659256,-4.071514,0.03168321,3.072658,-2.637948,-4.066934,2.949976,-2.921021,0.3363602,4.380402,1.831115,-0.7680635,-2.238193,4.467969,1.490223,1.439053,-3.800026,-0.1109333,3.911764,4.889698,-0.9337189,1.196275,1.106493,-4.482595,1.886848,0.3959353,-4.975025,-2.674236,-1.833763,4.218538,-0.7672627,0.1947408,2.413913,2.026976,-0.2271395,-1.637137,-3.273421,-2.392619,3.475786,-0.286341,2.858986,-2.739635,-3.110831,0.1059167
-2.877176,-3.392587,-1.594283,-0.6521444,-3.949526,-1.200022,4.559122,-2.80371,4.880499,-3.303138,-2.697662,-0.7023566,-0.6720395,1.264967,1.399931,-2.276625,1.935385,-1.361292,2.173294,2.794173,2.777293,-4.235734,3.074299,1.31088,3.279777,-1.7842,0.1322932,3.655029,-0.9695904,-0.7129912,-0.8723493,3.146336,2.377528,-1.054315,1.411121,2.877956,-0.0004296303,-2.554794,-0.6197593,-2.285738,0.9872503,0.9032779,1.806407,0.5579181,-3.326933,2.827712,0.2162635
1.286774,-3.295869,0.3383203,2.890494,-2.618898,0.415251,1.094241,-4.852921,-1.954437,-1.117653,-0.06105471,0.9058003,-3.065119,-4.870757,-2.738564,0.03573847,-4.276075,0.680293,1.062401,-4.47262,-0.8677034,-1.981906,3.322617,-0.6616209,4.255998,3.667076,-2.395148,4.217815,0.9589886,0.660028,-1.014831,3.169557,-4.189921,-0.7856247,1.110215,0.9581752,4.711801,-3.950743,-1.802538,1.582806,-2.298418,2.12173,-0.1338284,2.19941,-0.1257734,-4.171974,-0.2041447
3.813727,3.324482,-4.506659,-0.3487449,-3.776453,0.5498552,-3.474382,-4.169376,0.5729003,-3.928818,1.814501,-0.1409261,2.018598,-2.832655,1.953814,-2.213523,-4.542746,-1.944249,4.135157,-4.923843,-1.423419,3.785997,0.7530684,0.6925215,-4.471813,4.590213,4.84976,-2.696589,-1.173208,-0.1768284,1.543364,1.832624,-0.160511,-0.3363817,0.2634306,-2.19708,4.482474,-3.37462,1.203703,-3.587682,-1.338896,1.028437,0.564444,-4.146666,0.7666726,2.166119,-0.5805328
2.733872,1.548358,2.514728,2.326562,-3.911936,1.623922,-2.968959,-0.9613519,2.481468,-3.209793,4.252098,-0.7120507,3.004248,1.013039,-0.454988,4.993955,-0.4827051,0.5091109,0.5705361,1.304564,0.1511688,4.006922,0.8592577,1.574648,-4.430124,3.018295,1.449233,0.4645615,-0.7244861,-0.1558108,-2.116084,1.365247,-3.380967,0.2223036,-1.51155,3.191895,-1.768694,1.760069,-1.562144,-4.393179,-4.775093,-0.4953594,1.272334,3.115766,-2.321476,-3.639096,1.139784
-4.907046,1.509415,0.752172,-1.619826,-2.318828,0.4478734,0.4983597,-3.548849,-1.898751,0.2915306,2.281764,0.2550695,1.551985,-3.73177,-3.400072,-3.013065,-2.784356,1.975432,1.005352,-1.327042,1.047234,-0.2960353,0.4655595,-0.553961,-4.086413,-0.3494878,4.443277,4.760471,-0.9006598,1.643555,-3.279342,-0.2731423,-0.8888535,-0.5477211,1.827731,-4.069604,-3.944417,-1.620667,1.445632,-3.013816,3.949001,0.73103,0.8930597,1.650925,2.509179,-3.688103,-0.7775247
-1.085855,-0.04478407,4.562284,2.734284,2.141743,-0.9568355,0.9297128,-4.451655,1.766925,4.673504,1.179008,-0.05345225,-4.972964,3.588868,4.212088,-0.4525952,-0.03230047,-1.306559,2.109433,2.679043,-2.183253,-2.456717,-0.3237252,1.783856,-0.1715298,1.651983,-4.200575,-1.729555,-0.8971126,3.036048,2.802711,-0.8951707,3.780086,-1.618976,-3.315439,-1.49755,4.214229,3.175957,1.534575,-2.902545,3.217081,2.975206,1.344958,3.325744,-1.292374,-4.36928,1.188958
-0.6342368,-2.8812,1.023636,4.0337,-0.6903701,1.498013,4.590698,-4.526915,-1.907587,-3.460405,4.290916,-0.03722072,2.142092,-4.534094,2.01903,-3.568925,2.626748,1.397722,-2.561947,3.332529,4.034798,2.206727,-0.8866663,-0.04289222,-3.8548,-3.231604,-1.171093,-3.826258,-1.999472,-0.4265456,0.3747158,0.9836502,3.721502,1.761406,-0.9261889,4.579973,-3.463812,-3.369543,1.003654,0.1061873,3.663019,1.151886,1.498535,4.704461,-1.719814,4.725952,0.03981185
-1.004897,-3.703144,2.899996,-1.526061,-4.894895,0.5906748,2.763816,-2.020479,1.904414,-3.274542,4.160508,0.2290027,2.205324,-0.8386259,-4.933764,-1.436756,3.598155,-0.4196246,3.270357,3.818277,3.216577,-4.342325,2.208021,-1.387496,-3.445942,4.905676,4.386774,4.316051,-1.426069,-0.3594594,-2.328475,4.893167,-0.6030221,-0.380944,-2.643836,-2.334711,-1.320417,4.276063,0.7758054,1.215964,0.2273445,1.685247,1.631036,1.122605,-3.54977,-4.104589,0.7591295
-0.3741674,0.4747872,-0.170887,2.477942,2.257505,1.539917,1.317257,1.585999,0.6566768,-3.08264,0.7014709,-0.1123793,-4.341392,-0.2121501,-0.4236822,4.705233,-3.73485,0.6728935,3.270903,0.2423449,-1.480543,-0.9864097,-0.9990745,-0.623419,3.353002,0.7200952,-0.2870936,-1.809578,1.29127,-2.775149,-1.324993,3.259774,-4.174255,-0.9848616,-0.7486219,4.955544,-1.555349,3.908155,0.4859111,-0.3339834,4.637895,3.31504,-0.5823114,3.891555,-4.132167,-2.053786,-0.1162436
1.051266,-4.707747,3.79249,3.001705,-4.324701,0.415499,0.7952266,0.4710264,-1.405053,1.692562,-1.972232,1.135692,3.457424,-3.46699,-4.263801,0.8748703,0.6458192,0.7689947,-1.621058,-2.336774,2.654081,-2.585212,3.080262,0.05554557,2.563711,-0.01397085,-1.676918,2.113632,-0.02597404,3.453907,1.548761,-2.347402,2.665884,-0.6230342,0.4878311,-1.091969,-1.788156,-4.282161,-0.9859784,3.99811,-1.136276,-2.383642,-0.0743897,1.590536,0.08468914,-3.438292,0.6221642
-1.992407,-2.294524,-0.4974823,-1.740375,-4.088058,-1.277444,0.1982813,2.251997,-2.101404,-4.468353,-4.48456,1.6812,3.411349,3.420545,1.363846,2.96897,-3.480807,0.1001155,3.513514,4.284371,3.368076,-3.632421,4.484864,-1.934253,0.6881456,-0.07568645,2.605159,-4.380318,0.6187028,3.292124,-3.558123,2.453784,1.112525,-0.9131162,-3.651587,0.1067262,-1.250277,-4.854773,-0.1251671,2.843976,3.280841,4.719558,-0.6304071,-4.250221,-3.8517,0.5214458,1.786028
-4.716493,1.414113,-3.420535,1.822449,4.652299,-1.543935,-4.364976,-2.044658,-3.636273,-1.45154,1.489321,0.5634369,3.581098,2.184645,1.025005,-0.1523142,2.058346,-0.5699551,4.936407,1.196485,-2.044788,-1.633068,-4.502092,1.999538,1.762284,-0.3167815,-4.604812,2.510921,-1.737843,-2.761516,1.753559,0.693943,-2.156622,-0.9010108,-1.821293,4.598769,-2.633308,1.658361,1.484285,-3.158995,4.569264,1.300669,1.098932,-1.142315,1.763403,-0.7070856,-1.041445
-1.78436,-3.617884,3.469704,4.0926,-2.841278,1.011587,-3.814536,1.575292,-4.365353,3.284467,1.047348,0.8229164,-4.290833,-1.217944,-1.056223,0.9022217,-2.112418,1.767349,1.994182,-2.841933,2.990041,-4.801768,-3.928194,1.254749,-2.05842,3.276095,-0.1671581,-4.901619,1.582878,2.65964,-0.3446512,-1.03015,-0.3484015,0.4273498,0.4198117,-3.896881,4.190193,-1.626019,1.011995,0.676517,3.674469,-2.217304,-0.08590961,-1.212019,0.4040079,-1.229041,-1.14869
2.549233,-3.194912,3.079128,3.015552,0.6101923,1.109292,4.838047,-3.821281,-1.545107,-0.6570716,-0.1112704,-1.053472,3.7429,-1.778908,-2.765917,4.626776,0.9956832,0.6804051,1.833227,-3.37273,4.764454,2.728168,-0.07718849,0.9391121,-4.396839,-1.357398,0.1959949,3.786497,0.6587376,0.32898,4.810736,-4.333095,4.232509,-0.6693618,0.5173869,4.32375,-2.550668,-2.828455,0.2499821,3.546703,-2.292452,2.727938,1.611758,-3.697864,2.332942,0.2472262,-1.086749
-1.326182,3.222767,-1.794636,-3.023405,4.389172,-1.736847,-3.330287,3.174325,-3.173557,4.685706,-2.628632,1.075583,2.615598,-3.333811,-1.928412,-4.936386,-0.2484269,-1.092794,4.970589,1.978966,-2.181828,0.6455235,4.346723,0.06791425,-2.547594,3.15519,2.783189,1.338386,-0.8465922,-3.99908,-1.229721,-4.080691,2.623816,1.319247,4.090304,-0.7352419,4.415053,-3.489378,-1.776128,0.2694206,0.3439765,4.695148,0.7482528,0.2612262,-4.500885,1.464836,1.525651
0.9328408,2.985477,-0.9580488,-1.758036,-3.200926,0.8122038,0.1297979,3.608311,-0.02585602,2.922372,4.126176,-1.436363,3.843083,3.231092,-1.070966,-2.812545,-3.382144,1.914676,-0.8575077,-2.868965,2.773266,-3.343043,-1.847904,-0.7344978,-2.896128,-0.05613613,-2.64276,2.549253,-1.813099,2.162201,-3.959965,-3.075716,1.185072,0.31236,-3.731999,2.186803,0.1313014,0.6684012,1.37451,-0.04707384,-0.2260513,0.1643462,1.175217,1.587228,3.558358,-2.841157,-0.2089059
-3.574421,-1.815805,-4.679955,1.400247,2.695494,0.5630655,0.5652528,2.803651,1.457296,-4.607752,-2.904986,-1.120359,1.574364,3.173797,-2.39875,-4.156662,-3.206649,1.289104,2.837382,-0.3624873,-2.567345,-1.117701,0.6080585,-1.692267,-1.682923,1.976494,-0.0790472,4.479346,1.680323,-3.520801,4.849579,-0.363894,3.206691,0.1439111,-0.6344705,0.1635532,1.819178,-1.026483,-1.160743,-2.324567,3.696983,2.975942,-1.790403,2.625084,-1.910863,1.627369,-0.2579176
0.69802,-4.258676,-0.8531351,1.685872,-1.836304,-0.4861252,1.565552,-0.6721334,2.275523,-1.061496,4.070168,-1.530632,1.839591,-1.406121,4.555818,0.441628,2.493378,-0.07634425,0.5134945,-2.359383,4.325471,-1.328147,-1.965499,-0.6802003,-3.380041,-1.097136,0.2852182,1.866876,-1.158267,3.220086,-1.352933,-0.8075304,-0.484869,-0.4222672,-0.359704,-0.2152519,-2.894883,-2.253491,-0.8857181,-0.8671908,1.871201,-0.7540269,1.399395,-1.089275,-4.666968,4.326112,-0.2066247
3.750217,4.107435,-3.645373,3.219216,-3.25123,-0.05457902,-2.057922,-0.06916094,-2.728039,-0.8413739,-3.344131,0.7010106,1.068978,-3.666101,4.070544,3.345684,2.212808,-1.919489,-1.567345,-1.267228,-1.704166,-2.324724,-1.47511,-1.624542,-4.094385,-3.578314,1.953644,-3.308165,0.3825634,-2.486642,4.722755,1.641832,1.393703,1.099854,-2.102756,3.043047,1.937861,0.2695651,-1.823009,-2.47471,-0.2400355,0.1730628,0.9963254,2.119341,3.281744,-1.915284,0.1624701
0.6223731,0.9660192,-1.746737,2.523468,-4.72916,0.6669669,-3.13213,1.528311,-1.395063,4.122392,4.997896,-0.436754,3.792158,-0.6172066,-3.665378,0.6005616,-1.629569,1.327013,-1.021402,4.194714,-1.737314,4.479258,3.591249,0.2509844,-3.364107,-2.266875,4.387673,-1.698615,-1.160342,-3.562551,2.444333,-1.567114,-1.545473,0.3084595,-4.028242,-4.519562,-0.8309383,-4.874355,0.4084947,1.218834,3.665121,-4.726322,-0.09446549,-1.090295,1.340847,1.052237,-1.764681
0.6450729,2.226854,-0.1552792,-1.590722,2.622796,-0.6319139,1.378379,0.7442956,0.7756667,4.838166,-0.7498403,1.515442,-2.720625,-0.4437108,3.733453,2.486894,1.715378,-1.194067,-1.979188,-2.267633,-3.908446,-0.6743865,4.557506,-1.610038,4.829184,0.5920238,-1.96659,3.686887,1.923093,3.006334,2.69619,-3.959612,-0.2408724,-0.9169166,3.561343,3.277713,2.095783,2.451241,1.440606,4.194851,-2.57432,3.083589,0.7448344,-2.655265,1.228822,-2.34269,-0.3221219
3.01823,4.943475,-2.899008,2.470348,0.6517525,-0.7805498,3.983291,-4.96253,3.78978,3.312063,2.978101,1.606564,1.313499,-0.9113832,3.770028,-4.556955,-0.7651896,1.090658,-2.155478,3.373122,-3.513884,-0.797965,1.925905,0.02472711,1.240148,4.817518,-0.6240063,4.429383,-0.1321414,-0.4518671,4.493285,-2.167614,-3.280821,1.529516,-3.818387,4.466228,2.611254,2.086399,1.34866,3.625964,4.332761,2.153386,-1.154812,0.9572415,2.210882,4.506083,1.546226
-2.754159,3.767776,2.003925,4.943594,4.4895,-0.3876555,-3.90901,-1.980364,1.998792,-0.9898453,-1.471668,1.328402,-4.060358,-3.940785,-1.579511,1.898976,2.95411,-0.5662034,-4.714669,-4.936924,-1.307161,-4.147244,-1.000082,-1.671697,4.597269,-2.146051,0.4604893,4.004005,1.971986,-2.069644,0.1087303,-2.630305,-1.330946,1.722523,1.914708,4.083959,0.2844315,-1.828704,1.711411,2.085854,3.191875,4.323107,0.9106478,-0.4539247,-1.381534,-2.039854,-1.479264
3.400397,1.078724,-1.650235,-2.57276,2.703367,0.3205869,3.610943,-1.325469,-4.603272,-0.2657361,4.352371,0.6092047,0.9550338,-2.758618,2.384415,3.980937,4.485683,-0.9429762,-2.762113,-2.822648,-0.631649,-2.125477,-0.9228058,0.3959353,2.28919,-3.43451,-0.7639699,0.1655273,-1.329293,1.443997,2.957443,2.724001,4.299349,0.3695657,-1.045664,-2.674705,4.736673,-0.4783149,-0.3757894,-2.362943,0.9831243,4.414834,1.163558,-4.311799,-3.384903,-1.52474,-0.516536
2.583621,-3.504525,-0.9012146,-1.196601,-1.110286,-1.026971,2.650635,-4.821045,-2.312593,1.95858,3.182697,1.100397,4.190073,-4.256582,-3.487391,-0.1084452,4.368564,-0.1067002,2.890651,0.3890605,4.52454,-2.62094,-0.2222662,-0.2466443,4.014565,-3.892439,-1.493332,-3.008802,-1.120361,-3.957544,-1.115273,4.858274,1.426959,0.7535748,4.405996,1.363603,0.9114618,-0.7937245,1.185388,3.859217,3.221216,4.969308,-1.847564,-4.236988,-2.197152,-1.196038,-1.659153
-3.956594,0.4008608,4.418736,1.51304,4.729352,-0.5808432,1.97587,3.226018,1.598658,-0.4118891,4.945269,0.08450341,0.6981425,4.780878,2.326872,4.175955,-1.971571,-1.681771,3.836318,-2.293922,2.122928,0.128427,-1.969307,0.04177403,-1.745143,-2.905101,0.3281193,0.942245,1.874283,4.381734,3.203209,4.364658,1.694908,1.587204,-1.043675,3.130406,4.884066,-0.4080038,0.8900551,0.398912,2.150468,4.503413,-1.191435,2.305559,1.355866,2.299089,-1.274516
-4.204281,2.885371,-4.457482,3.425879,1.861044,-1.153928,-3.60783,-4.496058,2.291703,2.412885,-1.229951,-0.5329363,-2.731227,1.128366,3.641721,3.732889,-3.748145,0.6159529,0.6512685,0.5957789,4.234642,-4.201176,-0.3818159,1.228549,-0.7430344,4.817877,3.523759,2.619456,-1.358394,0.7659082,1.391402,-3.127847,-1.414757,-1.829105,0.2320223,-2.473259,-0.1741223,-0.07556963,-1.848353,4.263493,0.1295562,2.431879,-0.2758954,-4.638844,2.74229,1.198725,-1.124593
-3.363787,3.574888,-4.342672,1.429288,-1.177041,-1.864742,0.5483656,-0.7233768,3.244114,-3.410837,-3.697514,0.7269787,4.917741,3.784946,2.22266,-1.406166,-0.2727919,0.8380427,-2.646663,-1.872015,4.206007,1.457119,1.376943,1.595496,3.497296,0.465941,2.102839,4.031702,1.86521,4.135233,3.763528,-0.7629519,-3.846408,0.1481469,-0.7321734,4.948454,-1.983408,0.4881101,0.7817668,2.384183,1.279805,-0.0869422,1.442856,-4.882697,-2.782986,2.295479,-1.82494
-4.626502,1.975366,-3.663745,-3.167513,2.782109,0.006256342,0.2115793,3.469683,-3.113953,2.009147,-0.6603451,1.66599,4.993446,2.98709,-0.3474598,-3.050328,-1.48415,1.905817,-2.682294,1.0235,-0.4838796,-0.05372715,0.6998367,-1.751361,4.644078,-4.534088,1.886369,0.8980803,-1.108284,0.5506082,4.317457,2.084984,1.265588,1.229598,2.060974,-4.490858,-0.6713433,3.778967,0.4930274,2.823399,3.595869,-3.468095,0.3224866,1.798187,-2.829611,1.756676,-1.281527
-1.884907,-2.519399,-1.850558,1.763481,-0.09679604,-0.5771296,-4.474749,1.475242,-2.731338,-1.489989,0.9104114,0.8882098,0.3074961,-4.68746,2.746505,-0.6231098,0.6669097,-1.342978,-0.06961632,0.6738071,4.939249,0.3955741,-4.964798,-0.168659,-4.385037,-1.316313,1.838379,4.992582,0.5233673,-1.117776,-4.826903,2.114408,-2.918119,0.7406134,2.320491,1.451266,-0.9882717,4.012947,1.095589,1.268849,3.875808,3.297098,-1.141786,-2.225608,1.27989,-2.554424,-0.6249444
-4.553422,-2.299623,2.839142,-1.594009,3.07612,1.580774,0.2156658,-4.207451,-2.205358,1.843538,0.1224918,0.7402686,-3.386397,2.110757,-0.01001072,-1.361754,4.464165,0.007101774,0.6975265,-1.23318,4.19066,-1.542484,-3.537781,0.8883089,0.08114147,4.358934,-2.15677,-4.632935,-1.001304,-4.445291,-3.172592,-4.402219,-4.565535,0.8800973,3.325371,3.942063,-2.280951,1.202462,1.504514,-3.127717,2.099093,2.696701,1.094615,-2.659018,-2.344996,3.071577,0.4514954
-3.283438,3.09337,0.0844388,3.186044,-4.232148,-0.06511903,1.822594,-4.600061,3.456697,3.841125,-1.30941,0.2227619,0.9715171,-3.148581,4.321052,1.365331,1.259317,-1.065253,4.874635,-3.293543,4.521156,4.535352,-0.8853264,0.1395624,-0.4580207,1.383273,-2.126021,-0.1266618,-0.5748022,1.230883,3.894263,-2.332681,0.2699404,0.7260284,-3.511858,-4.491611,-3.378586,-1.726386,0.2398794,3.162193,4.791548,-3.635992,-1.505274,1.083112,3.815489,-0.5298729,-0.5938604
4.054613,4.607939,-1.127989,-1.109267,-0.2491765,-0.5875728,-0.3535004,1.937929,-4.710922,1.983827,3.033382,1.633285,-3.617067,-2.269359,-2.495057,-4.115415,-4.987811,-0.9993856,3.772935,-1.767309,-3.911556,-4.620707,1.914869,1.45259,-1.23383,1.708805,-0.6085558,0.7779069,-1.601486,3.170343,3.919632,3.196801,2.688563,-1.854402,2.090912,4.193057,2.067194,-4.169548,0.2045262,-4.51889,4.298913,-0.3942876,0.6503949,0.1835651,0.07030201,-4.62291,0.3800924
2.65707,-2.454608,-2.577558,0.9309344,-0.1582246,-1.186549,4.999265,-4.220209,-1.927976,2.645249,3.406873,0.7361254,-2.041559,-2.408605,3.013297,4.978434,-4.774387,1.905897,2.286667,1.597943,-0.9506707,-0.1398797,-4.216154,0.388644,-1.802044,-3.556142,-2.955929,-3.756486,0.1439264,3.24216,0.744061,2.407895,0.7554512,0.379319,0.8558826,-2.858484,3.506885,-0.4549103,0.8632507,-3.164779,-0.5751581,4.306144,0.2117403,3.945354,-3.746422,-0.6289868,1.49143
4.479228,0.1752443,2.672292,-3.458219,2.771669,1.218811,-1.292433,-0.9135361,1.034653,2.769908,4.507473,-1.246359,-4.467413,1.214985,3.429989,-2.078035,-2.790894,-1.184942,-4.385028,-4.085507,0.2118225,3.439693,0.2437191,0.4060361,-0.8212452,-4.745617,4.883947,3.697541,0.0926559,2.550695,-1.920249,-1.779294,-0.3585367,1.499691,-4.083271,-1.59679,-3.067507,-1.006437,-1.768041,4.192913,1.200292,2.331942,-0.1756737,-1.862642,-0.5281014,2.310472,-0.7627585
-3.296676,-1.597434,-3.178053,0.2373557,1.875194,-0.4073527,-1.606451,-1.417365,0.5102019,-1.996112,3.556438,0.6704544,-4.349201,3.28961,-0.6498055,4.773787,-3.850679,-0.07502294,-3.912676,-1.505928,2.022091,-0.1659079,0.5333548,-0.524955,-3.252299,-2.711543,-4.150443,-3.109231,-1.903059,2.451752,-2.579459,4.505037,-2.125078,0.5451245,-3.834245,3.96134,-3.914144,1.775443,0.02613044,3.030926,4.922986,-1.006909,0.5009012,-0.8255796,2.226912,-0.8821063,1.451668
-4.446789,-3.854946,4.703592,-0.3892989,1.542807,1.0551,-2.029643,-3.68796,-2.821543,3.61486,-3.836517,0.6307334,-0.6516414,-4.616523,-0.9660439,1.605245,-4.112703,-0.4619071,0.9722133,-0.9921103,4.622509,-1.308205,3.12981,-1.739759,0.8712931,2.655703,0.3451567,-4.400204,-1.752983,-0.2144022,-3.224874,-1.586483,-0.4297347,-1.825593,-0.6493216,-2.978349,3.438568,4.642233,0.5971889,-1.27996,-3.943838,2.541031,1.798367,0.1867027,-0.2352529,-3.033472,-1.383281
-4.460193,-3.647965,-1.16251,-3.863483,-0.2641649,0.05221868,0.7705469,-4.677272,-4.066487,1.737628,0.0585742,1.62197,3.29548,2.532717,2.626333,-0.6345267,4.749784,-0.07115674,4.532371,2.349601,2.102057,-2.384699,1.976627,1.536278,-0.3885226,2.345243,-0.3595538,0.6815009,-0.3502586,-2.514315,-1.396244,-4.39542,-1.17506,-0.07050729,-2.171311,-0.7967706,-3.388309,2.221549,-1.297268,4.765939,-3.14745,-0.1206632,1.006289,-2.557268,3.300569,2.981815,-1.199259
-3.261909,-0.6768746,-3.876305,0.7518501,-3.649329,-1.27764,3.502351,-0.9222741,4.157035,-4.481783,1.892695,-1.118871,-1.307842,3.877429,1.003758,-4.748183,-0.4760308,0.9539046,-4.84665,3.606623,2.776195,-1.356264,3.168918,1.917387,2.855759,2.796427,-4.484758,-4.842628,1.779819,-0.02072287,-2.129201,-2.593025,-2.411718,-1.941193,-2.091856,4.291765,-2.014997,1.356966,-0.1537478,-3.034172,-2.646723,2.88404,1.120513,-1.593006,0.6828837,3.994651,0.3122628
1.562778,-3.510923,-2.714764,1.848643,-2.567973,-1.163049,-4.589686,-0.5523448,1.678227,-3.297985,1.420874,1.769329,-4.8169,-4.25316,-4.198545,3.492287,3.131057,-1.308783,-0.9853082,4.297872,-1.78108,-3.606386,4.665243,-0.7341793,4.440657,-4.104937,-3.866489,0.3765674,0.08717418,2.714752,1.909544,-0.1148276,0.7434063,-1.95529,4.336266,0.8844371,-2.578263,-3.893357,-1.884447,4.039887,2.913605,1.238873,1.57382,1.331634,3.522403,2.189788,0.4320309
2.523379,-4.857923,-2.158949,-2.432465,4.047414,0.6957869,-3.199131,-4.538591,-3.347116,-3.96323,2.665491,1.451607,-2.701296,2.292403,0.06979418,4.737556,2.931496,-1.770458,-4.933159,-1.948022,-0.5676432,0.9945412,-4.136913,-1.848893,3.020578,3.892542,-0.7888083,-0.8497925,1.608462,0.2861457,-2.764512,-1.142098,-1.555264,1.71092,4.813515,-4.392406,-1.289537,1.397135,0.09419703,3.66006,0.3456945,-2.009333,0.6281189,0.5156379,-4.267204,1.188224,-0.6030619
3.023087,-0.05863619,-3.058449,-1.252003,-3.416248,-1.041123,-0.5201535,-2.292707,4.128872,-3.864095,-1.860899,1.198489,1.494137,1.043427,0.2410479,2.611878,-2.519778,-0.3902547,0.167758,-4.249624,-3.331198,0.8923607,-3.202801,1.349777,-2.233491,3.287452,0.5555267,3.685534,1.779985,3.059618,-0.248385,4.329361,0.8793755,-1.627471,3.679949,2.363328,-4.640854,-2.233301,0.3058584,2.447405,1.824734,3.446578,-1.939618,-1.399613,-4.959517,-1.292778,0.1628554
3.543912,4.547679,-2.612573,-2.077367,-1.310523,-1.570409,-3.791028,-1.292682,2.483137,-0.5812507,4.516265,-0.1438563,4.57466,-2.106101,-0.1219053,1.647463,0.5004625,-0.2754123,0.2221889,3.29051,2.409459,-0.1005225,-2.937915,0.4797771,-3.946178,-0.3071098,-0.8125229,1.126917,-0.5997393,-1.616125,4.812648,-4.481755,1.26295,0.06760001,1.056287,-4.700558,-0.6558924,-3.197983,-0.4982932,3.935144,3.63997,4.517636,-0.4836047,-4.843323,0.923192,-4.223276,-1.916736
-4.303488,-4.833549,0.2577,2.597497,-4.238924,-1.516184,-2.897403,-2.685604,-3.67538,-1.410351,-1.053373,0.07629752,2.892285,-1.355974,4.7548,0.8096175,4.577885,-0.110069,-0.6074853,4.488026,1.34088,2.468992,4.758232,-0.9756863,2.379907,1.310931,2.138062,4.137969,-0.9663374,-4.699779,2.369416,-3.38066,-0.2440329,-1.415902,4.5513,-2.442177,4.821969,-1.051794,0.3636367,0.4380422,3.600969,3.647833,-1.289714,-1.087343,-2.150317,4.540705,-0.7946823
1.52676,-4.113759,4.255863,4.159204,3.883402,-0.01289582,0.614553,-4.84975,-1.754117,1.022699,2.527611,-0.06523824,4.517874,3.620887,1.32171,3.692278,0.3964596,1.092347,-3.475775,-0.3595061,-3.179602,2.940392,2.468615,0.03635907,-2.175315,-4.339611,-2.237427,3.669906,1.022502,1.403506,-0.7180328,-1.148417,0.3178315,-1.836005,4.700508,0.1804333,0.4133515,-4.03646,0.09405971,-4.552766,3.610815,2.766593,-0.4006045,1.751317,1.900529,3.206095,1.215548
3.489163,4.955568,-3.275293,3.914245,-2.318855,-1.069835,0.9502583,2.426654,-0.8296986,-4.528161,2.175865,-0.4969018,1.452443,-0.7315092,-2.455747,0.4450827,4.00177,-1.510801,0.6992798,-2.654085,0.03511858,-1.048278,3.086039,-1.020858,-4.935225,2.606759,1.37262,2.125194,1.52987,-4.914069,-4.013216,-3.641464,-0.5695696,-1.520819,1.062134,-0.7158308,-3.166052,4.133872,-1.645539,1.518906,-0.4997807,4.700307,0.7749071,0.940433,-1.80023,0.5308108,1.766954
0.3258185,3.305559,0.6220717,0.9770103,-0.2313156,1.897043,-3.142977,-0.4520755,2.021866,3.344607,0.3505473,-1.939694,-4.133735,0.1654224,1.890051,0.3896589,-1.602106,0.994903,-2.401945,-0.4164739,4.161505,0.8923464,1.123347,0.9594168,-3.554679,-3.239379,4.249138,4.185221,1.213892,-0.6756334,1.941154,-4.829882,4.413596,0.09799552,4.41935,-1.96668,3.12214,-2.258026,-0.2223246,-1.348625,1.134233,1.743803,1.185451,-1.722901,-2.05872,-0.1545877,-0.3412459
-1.584062,1.365605,-2.124713,4.322358,3.265239,1.375334,0.8100109,2.101007,-2.551389,4.157898,1.221886,0.4425547,1.228872,2.572865,4.651866,4.341762,4.416508,0.4609153,2.233586,-3.961276,2.926176,3.55042,3.246143,-1.095376,3.618001,-3.490213,2.105334,-3.456423,1.297729,3.106774,-2.349178,3.271154,-4.859476,1.458276,-1.254833,-4.728299,0.3541522,3.575963,0.7618093,0.3166418,2.572701,-0.2089863,-0.5989544,3.496725,4.756323,-1.749622,0.06093669
2.13078,0.0248723,4.315708,-4.295267,-2.333719,-0.6852782,4.039517,1.851771,3.500427,4.95987,-0.2313848,0.834578,-1.543096,-1.033407,0.298595,-3.307866,-4.179937,0.2167771,1.211235,4.232062,2.408036,-2.439937,-3.221338,-0.7221,3.405588,-1.691432,-3.150302,3.642877,1.179063,-3.654977,-0.1340766,-4.658583,-4.25632,0.0316937,3.910845,1.11125,-3.618157,1.516131,0.1406033,3.942896,0.619616,-2.586057,0.9872178,-3.817405,2.432436,-3.25073,0.5086064
0.6951933,-4.459205,-3.381152,1.878507,1.097495,1.866079,4.915362,-1.006205,-3.785517,4.231722,1.072095,-1.870848,-1.275347,3.174535,0.3405876,1.388417,1.619254,-0.2008493,0.3770571,3.94394,0.3566651,1.65722,3.587671,-0.04974008,-3.111648,-2.781483,1.696339,4.129024,0.9282941,0.3072376,-3.102876,0.8191509,0.7371359,0.07005334,0.02124596,2.851854,3.732342,1.290343,1.382086,4.266397,4.18882,-2.469987,-0.6483119,0.32903,-2.007708,3.110006,1.458758
3.452888,-3.681614,2.773047,-4.473764,-3.90544,1.908558,-3.09519,-3.137636,1.710607,-0.1069479,1.383785,0.1347387,0.430985,1.946444,-3.149982,1.156312,3.573164,-1.044937,1.627855,1.732721,-2.120347,-2.766912,-2.616349,1.159726,-3.843613,4.795782,0.4367023,1.092717,1.583936,-2.861447,-3.026312,-4.533521,2.65875,1.649215,3.093898,1.197493,-2.857181,-0.5829244,0.8990368,3.79416,0.4074769,-0.7675056,-0.3714788,-2.356596,1.900954,-2.625147,-0.05686355
-0.5837183,-3.801397,-3.036392,-2.857565,-1.924119,0.6655125,-1.805811,-0.01445246,1.3754,-1.986373,2.577672,0.7219328,-2.539855,-4.514803,4.833403,4.136776,1.31593,1.707251,0.3516035,-2.613835,0.8284206,-1.001187,-2.462887,0.1558516,-3.456757,-3.062807,4.581217,1.675778,0.8363847,-2.706125,-4.191056,-2.467792,-1.863579,-0.3117011,0.5452056,3.141894,2.646876,-3.664739,1.375153,2.967539,0.7970686,-0.814497,-0.272887,-0.7326083,-2.635026,3.047283,1.666486
-4.173783,2.874799,4.839721,1.655708,-4.187542,-0.3250473,-3.634272,0.6199269,0.1669912,-0.7863646,3.560162,1.021776,-2.988449,1.287057,2.890614,-3.993805,-4.20516,1.917631,4.411521,-2.707357,0.06724405,1.822996,0.1296597,-0.05827212,2.95544,2.091165,4.806244,3.771912,-1.878311,3.943757,2.342162,-1.365952,-2.38514,1.323549,-4.28328,-0.6787081,-1.663899,3.877983,-1.374847,3.159971,-0.6564302,-1.739665,-0.7961929,1.341656,0.1390843,1.930652,0.674808
4.739199,2.889457,4.945215,-1.780606,1.410308,-1.459618,-2.681442,2.572887,-1.015129,-1.568017,-2.684709,0.9115877,0.104701,4.549814,4.993679,2.048206,-0.1816444,0.9988064,-1.900273,-0.2249379,-0.574873,2.816404,-4.408136,-1.150039,-2.182143,2.876159,-4.140335,3.766515,0.2858956,4.693899,-2.103915,3.365751,3.38503,0.154053,-4.439125,-4.743033,-0.7214494,-4.8801,-1.134788,1.400231,0.1342921,1.794282,1.292798,1.763273,1.664483,1.744699,0.9042067
-4.778737,0.7147737,-1.164728,-1.189304,3.898286,-1.248075,-2.288878,0.6223149,-2.969495,1.423316,1.666909,-0.87765,-1.39371,-2.171572,-1.907649,-1.119947,-2.862226,0.77427,3.423248,0.2630477,2.774851,-1.068018,4.890916,1.169635,0.1237779,3.972219,-1.243577,2.880518,1.601576,-4.744497,-3.035959,-4.258682,-3.262705,0.4036291,3.288413,2.205632,-4.393287,4.126384,-0.1718566,0.444519,3.318108,0.973454,-0.05271745,-3.659135,4.943968,-0.6438332,1.141055
4.242117,-2.749046,3.31967,1.934659,-1.755023,-1.581053,-0.699666,-3.560674,4.821276,3.305573,-4.640122,-0.03746963,0.9102945,-2.665234,4.126235,-1.817384,3.260849,-0.1547592,3.690767,4.22047,-3.312803,4.514256,1.507028,-0.5220883,-1.986127,-1.255531,2.655681,3.590107,-0.1242292,3.494023,-2.164802,1.49334,-0.4052095,0.2506359,4.362829,-3.0132,-1.038532,-0.4530625,0.7183585,0.4606051,2.093512,-3.945403,1.319417,4.358068,-3.311098,4.270645,-0.4004591
0.8445687,-3.583002,-3.452697,-1.507444,4.732713,-1.976636,-1.258978,-0.8922262,-2.699574,4.876985,-3.710279,1.200061,-1.214499,-2.291489,-4.149353,-1.574509,-1.55929,-1.09796,-1.44979,4.412994,-3.700322,3.530372,-0.4344721,0.9888892,3.87204,0.1789646,3.47754,3.089952,0.09364009,-0.4257922,3.94033,-1.850948,-3.173031,1.707214,-0.1081629,2.586361,1.920358,-1.841858,-0.3238604,-1.138006,0.6256847,1.713693,1.663241,4.741188,-3.905802,-0.8420701,0.9636754
4.111053,1.905167,4.425937,3.094738,-2.238273,0.1964324,-1.79406,-2.09151,-1.871795,4.569961,-2.479162,-1.930313,-1.937267,2.743192,0.1656585,-3.428236,-0.09871054,-1.771052,-2.057655,3.635073,2.39323,0.8294744,-0.1921611,0.05170274,0.9816699,-0.5782871,-0.5930896,-0.0696044,-1.830935,3.189316,-2.596859,-4.149112,4.75451,1.81979,-1.115672,1.365212,2.076983,1.809832,-0.8245018,4.328986,0.06691885,-1.267635,0.9278468,-1.647025,3.320448,-0.1996665,-0.4869654
0.8582945,-4.291403,3.354764,2.314321,-2.079547,0.4258811,-2.148425,-1.153881,-0.3438907,-0.1725702,2.392712,-0.1680825,-0.1793213,-4.08472,1.689855,4.624177,-4.244965,1.212257,-3.136898,3.946904,0.7197948,1.205837,3.940494,-0.22914,3.376225,3.183388,-1.945661,3.0559,1.844215,-3.907341,0.8697681,0.5990596,-3.5981,1.885724,-1.201982,-1.425204,-2.940693,1.520225,-1.825224,0.9887381,1.069832,0.8534284,-0.07923102,3.670532,-4.639223,0.455821,1.845655
2.94278,3.010211,-3.868333,4.302701,-2.837864,0.6353964,0.2967401,3.164446,3.422924,-3.874538,4.715295,-0.7608397,-3.602464,2.381223,0.4778175,-4.728183,-0.2327638,0.6136569,2.629218,2.118115,3.06298,-1.049225,1.967187,-1.883816,3.498664,1.777714,-3.409598,3.643756,1.469845,0.7189031,-2.436571,4.045596,3.722581,0.4861958,-4.022835,-2.365942,-2.271266,-3.844139,1.619769,2.932225,-1.05396,3.608798,-0.9963171,3.326354,1.066248,0.3191953,1.318074
-1.4462,1.373182,-4.386223,-1.160633,0.4394789,-1.320402,-2.220358,2.313144,2.839113,-4.731704,-0.3238673,1.839507,1.584322,3.865696,-0.05672503,1.365442,1.588045,-1.125134,-2.435317,-2.999513,-1.352556,-1.460248,-2.920883,1.217132,0.9515791,0.7649856,1.559635,2.888403,-0.9265482,-0.459022,-4.884365,-2.811248,-0.686285,0.4336932,-2.263299,4.686035,-1.818042,0.3016191,0.2159731,2.302873,-0.02479506,-0.230803,-0.7749522,-4.864694,-0.8785362,-2.614546,1.788083
2.081423,3.179083,-2.397248,3.278384,-2.145545,-0.9760444,0.8624334,0.7374363,-1.971298,0.8060484,-4.375731,-0.1115916,-0.821075,0.6579809,-2.093026,-1.71536,-2.794261,0.7413039,1.348972,-3.519962,-0.02122831,0.08135843,2.051569,-1.549928,-1.274035,0.7777958,0.4969673,-1.517478,-1.925101,-1.947732,-3.377683,-2.440839,0.4717855,1.045042,1.253015,0.913486,0.09549427,-3.243496,1.670471,-2.469867,-2.302041,1.761726,-0.4251888,-0.9304647,-1.912889,4.700344,1.193269
2.503758,3.847972,-1.825374,4.231384,0.4027562,1.9102,-4.083095,0.3197556,2.8767,2.843393,-1.323345,-1.491017,4.883842,-2.779092,-2.584282,3.430561,-3.830236,1.947187,4.809361,4.436097,-0.9899335,1.659553,-4.949676,0.007392645,4.606967,-2.204036,-4.458036,-0.5123119,1.164728,2.133718,-0.1916127,-2.753821,-3.145732,-1.922816,0.4910512,2.43403,-0.04015636,2.167653,-1.861825,4.426727,0.9610577,-3.596545,1.15585,-0.2935095,4.011859,-2.326033,-0.6781738
4.474835,-1.144732,-1.498293,4.804906,-1.360032,0.4398129,-1.876909,-0.7654052,0.1313777,1.103957,1.041712,1.614694,-4.340202,0.08532,1.986288,-3.254425,-4.444743,1.331721,4.638724,-3.26206,-3.922764,2.468214,-0.2515502,-0.3595445,-4.405007,0.7620473,2.871116,3.654848,1.329249,-3.102113,-4.066762,-1.667781,0.2872639,1.336967,4.803855,2.990153,1.144211,2.240811,1.368598,1.007841,-2.195391,-0.9052353,0.7187333,4.900257,4.014173,-3.152426,1.429899
1.951713,-0.286438,-1.468251,-3.947504,1.203089,0.645904,3.524047,4.001666,-4.10843,1.389398,0.674984,-1.12457,4.510938,-1.692219,2.182598,-2.961973,2.550846,1.592937,4.038163,-0.6535501,-1.15876,1.796391,0.565515,0.4384339,2.752284,-2.096202,-4.445953,-2.883414,0.3952463,-4.807917,-0.1746039,-4.892324,-4.598293,1.202516,4.226232,4.16688,1.153844,1.854234,-0.539222,-0.1032825,4.207133,1.796694,-1.200723,2.142135,2.967305,4.888373,1.627944
1.611093,-2.608193,3.282042,-4.439705,3.380729,-0.9066451,2.825371,-2.022106,2.059051,-1.438413,2.455482,0.02753377,1.096906,0.3789859,-1.7998,4.442508,4.294902,0.8287777,0.4679232,-4.95933,-3.979279,-0.2848773,-2.628951,-0.6305597,3.071571,-2.079479,0.5724816,3.897288,0.2146266,-4.937189,2.580909,-4.331247,3.083752,-0.3210199,-3.199363,-1.557827,-1.176342,-3.317666,-0.2886341,-1.950182,2.476076,3.208908,1.289071,-4.965351,-0.6415291,4.854593,-1.696678
3.212403,4.478874,-0.7420425,3.45531,-1.365841,0.3479202,2.934247,-1.775052,-2.886442,-3.924681,2.328439,1.746449,-3.454935,-0.5264144,4.037378,4.008365,3.968614,-1.059817,2.745457,-0.6478386,2.198333,-0.4020567,-2.353886,-1.222174,2.440194,3.578771,2.852421,2.671402,-1.429795,-4.016384,-1.280081,0.6554036,2.250047,0.610537,2.947029,4.379629,-2.077439,0.1297717,0.9394063,0.5371614,3.342364,1.10113,-1.789188,-0.3521128,-3.981243,-3.207355,0.4857404
3.708754,-0.8844428,2.200038,-0.6379967,0.2448459,-0.06178403,4.693344,3.713829,0.8618813,2.647952,4.471259,0.112365,-4.496741,-4.749021,1.912545,-1.776875,4.142169,-0.3827765,3.014858,-3.462221,-1.398353,-3.911333,-4.058661,1.995362,-4.620947,0.9017248,0.9232373,-2.24245,0.4452069,-1.814386,2.68525,-3.835346,3.968717,0.6529335,-1.595874,0.243835,-2.550721,-4.810729,1.012414,3.164607,-1.37374,2.799127,1.088834,-0.7650037,4.186069,1.085282,0.2822397
4.545362,-1.877175,-1.561888,-2.208829,-0.7105021,1.502072,-3.772054,-2.448211,0.02774763,-0.6265025,0.2738304,1.313231,1.790882,-0.3190212,-3.324908,4.34236,2.550054,0.3860648,-3.761162,2.997709,-4.200497,-0.3397174,-1.579973,0.2389505,-2.401855,-3.985368,4.201338,3.079482,-1.870358,3.648971,-1.002474,-1.39625,-2.46618,-0.3032033,3.905769,0.09973717,-2.110116,-2.039886,0.1890905,1.083917,0.8573608,-2.919922,1.357378,2.150867,-3.060181,-1.680409,0.8865327
3.451289,-4.43501,2.798123,-0.05884457,-2.50313,1.631776,3.895961,-3.021379,-1.958842,4.578829,1.413891,0.2799671,3.407641,-2.261898,-0.32759,-2.499156,-4.627704,-1.308867,1.03719,-3.337171,4.384515,-2.738335,-2.920554,0.539,1.633986,4.155873,3.179127,-2.936078,-1.215591,1.103416,-4.631063,2.224318,2.643808,-1.237656,3.484672,0.5344825,1.055363,-4.953325,0.002969027,-2.170269,1.627085,-3.077366,1.879348,4.555044,1.817024,-2.341573,0.5828194
1.318768,0.1192279,-2.292287,-0.1610751,1.126947,0.8072271,-1.941037,-4.104501,-4.490555,-2.552947,-3.624327,0.3403666,1.155371,1.842898,3.217248,-3.059963,1.94201,0.4760334,-2.008423,3.06694,1.493536,0.7476573,4.480062,-0.9733393,-2.338464,3.925568,-2.976178,0.316381,-0.67187,4.018976,1.789473,3.671666,0.6412358,1.630171,4.247508,-2.207511,-0.7856174,1.029327,-1.838514,4.115837,1.162793,-4.19381,1.115924,-0.5076056,4.556517,-1.691834,1.735615
4.98334,-1.136415,1.781939,-2.36075,3.709919,-1.397193,4.300682,-3.516489,-3.646885,4.518898,-4.912987,0.5798597,3.792939,3.375169,4.323778,-1.344495,1.86138,-0.005343676,-4.702748,-4.011355,-3.261609,-0.8123665,-1.957522,0.4219363,-4.807158,4.668623,-0.7274027,2.704835,1.948737,2.814128,1.176162,-2.377941,4.196773,-1.109158,0.1585131,0.9343867,-1.149361,-1.245152,-0.6465251,-0.8713145,4.792537,1.994777,-1.933022,3.263736,4.551935,-4.795756,0.4831989
2.029677,3.170488,4.221714,-3.575908,3.087064,-0.6614234,0.5229111,-0.626617,-1.714743,0.7903261,-0.9974437,-1.539401,-2.891623,-0.2602105,-1.297923,-2.97388,2.205938,0.9921817,2.551955,0.7613034,-1.565156,-4.475426,3.499049,-0.381995,-3.836037,3.408059,-3.272806,1.026988,-1.66249,-2.823114,-2.672324,2.135514,0.7184868,1.545437,-4.888898,4.256377,4.81635,2.80441,0.5554571,-3.20221,-4.741543,-2.766518,1.42401,4.412491,-0.03672886,-4.042656,-0.4669812
-2.224172,-4.571236,-3.454101,2.876917,-3.481344,-0.5632694,-3.640152,-4.500865,-1.587987,-0.06273556,-4.774264,-1.665654,-4.827004,-3.649865,0.9923749,0.199893,2.536903,0.7520127,1.132503,1.192016,1.480701,3.832844,-1.279052,-1.905468,4.166727,3.866739,0.3126855,3.85213,-0.160434,-4.791857,0.5198665,-3.854859,-3.484353,-0.346369,-3.053221,-4.904214,3.025703,-0.4859776,-0.0833714,-1.422086,0.08902121,-1.634159,0.2277577,-2.595071,-1.401298,4.886911,-1.808998
-0.3526969,4.13302,-0.004127502,-0.1103683,-3.167081,-1.088262,-4.103633,-2.951795,-2.533854,-0.2058105,0.1386638,0.3250096,4.937943,0.4683523,-4.443135,-1.774831,-0.459085,0.4590304,-1.284919,-4.613712,1.556914,2.851471,-0.2539258,1.961109,-2.436769,3.450279,-1.896995,2.275844,-0.3416498,-3.377552,-1.789904,0.6373305,0.7160335,0.239846,-1.684172,-2.582842,-3.580064,0.134316,-0.3483093,2.510835,-0.6075401,-0.4593868,-0.7636106,-4.576198,-3.977242,-1.822842,1.379272
0.8227091,2.842067,-2.305336,-4.348959,-0.4751797,0.6225652,1.386003,-3.711412,1.687646,-0.9535031,-2.392506,-0.2834489,0.2694006,2.986211,-0.6570415,1.846812,3.064675,-1.940077,-0.3427606,-0.04619884,-2.034916,-2.28759,0.72995,0.4070089,3.988915,4.139357,-3.830167,3.980685,1.411639,-4.529964,2.604446,-0.03545809,2.10819,0.6061553,-0.9299426,0.5515652,2.399512,-4.633858,-0.3914702,0.1239247,-4.756735,-2.349934,-0.1471393,-1.309479,-4.701896,4.269205,-0.8350184
-4.928709,0.8283143,4.637632,-4.450071,-0.2783399,-0.695226,2.136403,-0.7765718,2.794874,-3.626543,0.1817017,0.3799121,2.841497,-3.11265,2.037804,-4.846327,-3.862303,-1.432418,-1.403777,4.65996,4.189925,-2.657829,4.825237,1.38148,-2.406568,-0.03079128,-4.834876,-1.68459,1.100297,2.312102,3.498038,0.5537372,1.080623,0.7402381,2.33862,-0.4732819,0.6400852,-3.035703,-0.4026062,-0.1930885,-3.706333,0.6207223,1.715298,-4.13499,-2.901716,4.5446,1.603024
3.995457,-1.52984,-0.2663965,3.199816,4.647445,-1.858396,-0.3232102,2.019899,-0.4033427,1.569277,0.01471806,-0.5049818,-2.278988,1.839628,3.68786,-1.675269,-2.305972,-0.371783,2.936571,-0.03734303,-4.041096,-0.2246423,-2.483874,-0.8599346,2.403389,-3.263765,-0.0226717,-0.04976225,-0.5705321,3.400322,2.390422,4.578055,-4.317204,1.598022,0.3864365,-1.200468,-3.714246,-1.952073,0.1574094,-0.8243685,-4.891186,-1.06662,0.9854764,-2.961269,3.151975,2.250528,0.03077865
-3.841571,4.701582,3.202379,3.365235,4.629579,0.3935606,3.191521,2.478194,3.991736,-4.751143,2.85234,-0.1920693,3.688282,-3.260094,-2.897845,2.598985,-2.288277,0.04430175,2.447913,4.767003,-3.9429,0.5682902,-0.5487256,0.7130718,-1.580053,-2.690617,2.336457,2.074814,-1.229195,1.754141,2.172532,-3.470127,4.30079,-1.372228,3.748186,4.916368,-2.152048,0.7671814,0.3916657,0.4098244,-4.054297,-3.888741,-1.751317,1.803618,-4.308064,-2.796868,1.149184
-1.213189,0.4188008,-3.6537,0.5997796,-2.549139,-1.660275,-4.394559,3.318978,-1.791468,3.715538,-4.256031,-1.166103,-1.693702,-1.266465,-0.8707457,3.803216,1.898557,-1.552851,-2.275825,4.408607,0.4359765,-0.1477151,1.605095,-1.655108,2.360481,-4.14069,2.490737,1.228242,1.393829,0.04908276,-2.56036,-0.690691,-4.893508,0.4029839,4.399305,1.325048,-3.987866,3.35813,-1.55906,-3.761254,2.651953,-1.566895,1.394063,4.320579,3.094456,-3.626859,1.288291
-1.732691,0.5120392,2.783717,-2.741475,2.311482,1.489308,1.387867,1.253543,-3.249289,-4.171907,0.3184814,0.4681947,-4.871463,2.776091,3.55775,4.835233,-0.9027643,-1.006577,-4.239865,4.778953,0.3117566,-2.136604,-0.6466575,0.05805326,0.7959194,-1.591378,3.998047,0.3955622,0.7150277,1.376244,2.644579,2.342796,-1.137657,-0.2850821,-4.581602,-2.22727,-0.8864813,-4.703293,-0.5550611,-0.2644281,-2.086459,-3.329935,1.993652,3.910079,1.449059,0.7565351,-0.8135488
-0.69416,3.640285,1.571891,-1.466152,-2.50697,0.6977109,1.919046,-2.584146,-4.484185,3.461307,-4.087567,-0.2780578,-1.438238,2.371446,1.748063,-0.6854339,3.973161,0.4877145,-4.94025,-4.19064,-1.391905,-3.829773,-2.428258,0.8284397,-0.9868283,-0.6098013,1.337771,1.521253,0.8954424,-1.329101,3.949075,2.567651,-4.706495,-0.4652441,0.7488747,-2.285958,3.046036,1.667166,-0.6699922,0.3423743,-3.206443,1.790922,-0.1732414,0.5774827,-2.090044,3.675617,-1.220004
1.82559,3.939874,-1.606242,3.730801,-0.7725363,-1.779133,-4.44745,-0.232914,-4.831047,4.904064,-3.433751,-1.23119,1.578322,-0.8811541,2.344302,-3.64854,1.445134,1.867719,-0.4687433,1.490678,3.875625,0.634994,3.997589,-1.088204,-0.7432408,-0.9069891,-4.139981,-0.3816729,0.7324409,-2.670934,-3.19335,-1.113036,1.603947,0.322047,3.114727,0.6863351,1.115424,-1.687937,-0.7290041,1.293406,-1.396946,-2.981123,-1.51331,-4.3706,-2.175427,4.062146,-0.8609898
4.783353,1.821131,4.636916,0.8031707,1.087158,-0.415695,-3.44919,-2.163424,3.639617,-2.383706,-4.765652,1.135612,-3.803483,-2.070724,2.083264,0.2226586,-2.037063,0.6045951,-4.977207,2.758939,-3.047484,3.331802,1.852672,-0.657131,-0.316381,-4.28072,-2.707485,0.7472463,-0.6739438,-2.102577,-0.1187606,-3.308502,4.296455,-1.154401,-3.437,3.796878,-1.439462,4.158924,-1.975232,-1.226754,-4.512962,2.820717,-0.1953857,-3.933981,2.983907,-0.1268487,0.9929804
-0.2750163,1.006355,0.3865333,-2.202745,-2.242802,-1.422291,2.50544,-4.194484,-1.858929,-2.663988,3.564304,-0.9527681,1.438309,2.974352,4.219643,3.356683,0.817626,1.455538,2.408022,-4.840617,0.04244614,3.591681,-1.082408,-0.1320856,2.496315,3.787958,-4.140082,-2.365067,-1.051588,-4.562033,3.064322,2.053709,3.038106,0.3429382,3.044673,-0.02997684,1.680295,-4.892634,-0.9618142,4.081833,-4.369063,0.3613334,0.167064,-2.446849,3.134345,-2.402038,-0.4271977
3.323506,-1.375794,-3.116666,2.902441,-3.27137,1.928556,0.6799741,2.335001,2.448703,-0.238245,-2.952654,-1.402408,-0.05758953,-1.438713,2.491313,-1.713683,3.371584,1.929099,4.240046,-0.140986,-2.6378,-1.156806,1.840777,-0.5703743,-3.761814,-2.163165,-3.183992,-2.102117,1.085816,4.116025,-4.227573,-0.9240346,1.761652,-0.3980978,-0.1578422,-1.056209,-4.262741,0.8859663,-0.02588773,3.558285,0.9204941,2.14752,-1.780107,3.880842,3.186659,-2.234066,-0.4582794
2.211019,0.8529429,1.742273,-1.552794,-3.600787,-0.09299016,1.498489,1.757951,-1.113301,4.281307,-3.57533,-1.033164,-4.882944,0.3417273,-4.852207,1.566814,-3.904569,1.857133,-3.763254,-4.657717,4.94567,-0.2739482,1.875598,1.463512,0.01531553,-1.366265,-0.8249335,-4.7889,1.379059,-1.233869,0.6381912,4.048471,1.507866,0.9598359,2.444071,-1.738134,0.4649405,4.004411,-0.979666,2.731785,-3.675158,1.442715,0.8397664,4.94173,3.549,-4.412006,-0.4538519
-0.8926601,2.025906,-2.571081,0.01160908,-4.883241,1.524014,2.871255,-3.023032,-4.295528,2.454453,-2.544779,-0.08408523,-0.4134445,-0.6877275,2.894866,4.474269,-4.63697,-0.3046081,-2.755101,-1.137753,3.029823,-0.8393364,0.01798916,-0.8437321,3.434811,2.79927,3.046216,-4.067469,-1.299772,3.635744,-2.323175,0.08212996,4.142568,0.7406458,0.9588857,-4.451648,4.623723,0.2937932,-1.235363,-1.955738,-3.417159,-1.579099,1.389466,1.332246,-3.990688,-2.301239,-0.3469818
-3.336431,3.913754,-0.2359838,2.007502,-3.101313,0.8749408,-3.35741,1.643021,-1.580611,-0.4136996,-1.40241,-1.116865,-0.6355257,4.685551,3.993175,0.8911366,2.569374,1.975434,0.5774598,-0.03039789,-2.961248,4.786916,4.77088,-1.381006,-4.055925,0.4735608,1.198028,-0.1393409,1.624424,3.707808,4.201875,2.128837,-3.534815,-1.239022,1.048512,3.857269,-2.23111,0.1903529,-0.2492826,-2.250435,-1.15268,0.7508616,0.2828982,3.7966,-1.690607,-2.608249,1.25473
3.162018,-1.730442,0.3918724,3.068253,-2.976167,-0.9970601,-2.53762,2.965094,0.4406672,-3.409928,-2.606847,-1.754487,-4.413937,-4.275143,-0.630527,-4.614421,2.549757,-1.339421,1.431275,-4.031471,-3.167131,1.415033,-0.116529,-1.54882,-2.774558,-3.954865,1.017456,3.37257,1.053463,-1.17629,1.280341,-0.5007343,-3.659079,0.6896967,2.524898,2.09673,-4.194838,3.166776,-1.83641,-4.637084,-2.824595,0.2662392,-1.763196,-4.769721,-0.07422733,3.256603,0.7454266
-0.3489618,4.475427,1.333748,-3.128793,2.433456,1.667291,4.76179,0.1654716,4.245739,-3.129349,4.576274,0.9016785,-2.965611,0.7352595,-4.619607,-0.7914467,-0.9117169,-1.968521,-4.478678,-1.405417,-3.306503,3.213819,3.810999,-0.520519,0.4609032,-2.743646,0.776679,2.809409,-1.165398,2.870457,-0.8465977,-2.460951,-2.151211,0.692964,0.6429143,4.622315,-3.746709,1.275046,-0.59039,-3.642655,-4.628333,-2.125381,0.3741825,3.600844,-4.468579,4.766338,-1.036139
-3.644657,-1.709208,1.198532,1.819763,4.785953,-0.3631933,4.402089,1.16494,-0.9670143,-2.15285,-4.484222,0.5832791,-0.8755774,1.858581,0.1045222,1.643739,-2.857823,-1.083861,-2.821014,-0.7514195,-4.90344,4.465796,0.4027014,1.116517,1.370839,2.831734,4.607326,-3.93098,-0.1068747,-1.051708,-1.124263,-1.647144,1.252327,-1.622713,1.731534,-3.966104,3.877976,-4.974041,-1.204987,-0.7432408,2.49239,-3.393185,-1.393323,0.3357215,0.2468209,-4.490814,-0.248646
-3.90188,1.323591,2.211473,-3.335163,1.187114,-0.6625502,4.152522,-3.503557,-1.274766,1.265125,4.14525,-1.120886,-2.821127,-3.478021,-4.587407,0.6088071,-0.8658795,-1.851367,3.71181,3.695827,3.918854,-3.976077,4.4287,-1.15621,0.8860378,-3.982923,-0.5046682,0.3715963,1.943819,-0.1416354,2.007442,3.400742,1.575692,-1.561903,4.046566,3.93743,0.1659303,-0.7069759,-1.194527,-4.749016,3.385732,3.172148,-0.7082393,4.680154,3.518132,-1.777072,-1.481127
-1.750913,-2.217951,4.24818,4.066895,-3.372162,-0.3818319,4.320097,1.053398,-1.30342,1.325949,0.7063298,0.9126114,-2.063513,4.497684,3.673783,-2.190605,-4.042214,-0.2262633,-4.379616,-1.948574,1.293957,-4.713017,-4.27299,1.722748,2.325502,3.869972,-2.886853,-4.094021,1.806106,2.52584,-3.491173,3.024535,2.974802,-1.310059,-2.26032,-0.1425691,-0.5476336,0.846806,1.261189,-2.601483,2.70373,2.55296,-0.7848294,4.104508,4.578553,-1.72748,-1.749029
-0.3994374,-4.627738,3.650099,-3.522449,3.541492,0.9806885,1.83847,4.704804,2.785375,-4.832359,-2.591515,0.2405698,1.586117,0.8839245,-1.472898,-2.673008,-4.435963,-1.755757,-2.121059,0.5857019,0.4266267,-2.218528,4.612255,-0.82041,4.669461,0.7204943,1.210588,4.200606,0.9723143,3.998606,4.854485,0.2253003,2.511117,0.4302814,2.280661,1.569998,-3.627934,1.60505,1.269052,-4.742617,2.954646,-4.43375,-0.4594624,-0.2539845,-1.85174,1.401901,-0.7806265
-4.906245,4.656892,2.254999,-4.941254,4.669337,-0.6516244,-1.762095,1.378982,1.132316,-2.610111,-1.604125,0.7650089,0.8356495,-2.06767,0.4868584,-3.414839,-3.812509,1.189486,-2.963024,2.700233,1.473517,0.8841758,-2.35765,-1.075107,1.796385,-2.279057,-3.154042,-1.365684,0.9767112,-2.274514,-3.640278,-2.772734,-2.33639,-1.438314,-4.555037,-1.419213,4.399569,-0.8180671,1.178975,0.3645082,3.907526,-2.478046,-1.366368,0.07135582,2.291317,0.2805762,1.206156
3.696911,2.66388,-2.786894,-2.505312,-4.837476,-0.3831823,2.434187,4.018629,-2.558604,0.2320652,-4.297916,0.5376901,-1.015907,-1.455035,1.896358,-3.141603,-0.2393227,-1.733655,1.816866,-1.635097,4.253714,-1.899918,-3.855474,-1.388093,-2.1945,2.207036,3.853984,-1.310546,-1.907813,1.193394,-0.4291983,1.13311,-4.993983,0.3211396,0.2227097,3.776313,1.3187,-3.022275,-0.2429364,-0.3153701,-3.697801,-4.01708,-0.4642527,-4.244692,-3.464242,-4.090096,1.909825
-2.744089,0.7786565,-3.092327,-2.51878,-3.719005,0.1527026,2.488943,4.861675,-4.926443,0.4277654,-4.881264,0.8739948,-3.256487,0.1271849,1.686864,4.059533,2.149587,0.4348538,3.205662,3.249939,-3.024398,-0.3419213,-1.425714,0.357619,3.196146,-3.155275,-4.051926,3.005198,1.728622,4.181844,3.125952,4.396457,-3.461557,1.316463,0.4989452,-0.4280586,0.8970695,4.330491,0.482167,3.121912,3.135059,-4.188739,-1.647604,2.971625,2.376554,3.097664,-1.023543
3.792329,0.5125303,-3.483135,1.269228,-2.96162,1.318445,4.928502,3.206664,0.7626157,4.554581,-3.075494,-0.2618277,4.201385,-0.8944149,0.1937633,1.74076,-4.252104,-1.398042,-4.246346,-1.82838,3.689994,1.07822,4.557377,-1.354431,0.6106024,1.081024,-2.954641,1.660588,-0.2273371,-3.430052,-0.8525271,2.562106,1.07584,-1.006253,2.364907,4.664056,-0.5043979,-3.280577,1.151741,-0.7723279,-1.295158,-0.1352935,-1.213937,4.302318,-1.673615,-0.2662807,-1.743354
-4.505626,-4.295237,-3.488418,0.6746168,4.475527,-0.7594845,-0.4160423,-1.48877,4.038236,1.176209,1.935148,-1.155867,-2.548065,2.327044,-1.926013,-0.2826376,-3.197393,0.2769983,-0.04994822,4.480629,4.302423,2.477565,-3.629418,0.2923267,-2.2247,-3.435941,2.862861,2.935009,1.488049,-1.477258,3.614722,-3.105254,-2.715604,-0.9283864,1.632422,1.217088,2.598943,0.6901045,-0.4624541,-4.414566,-0.6765943,3.582658,-0.4771039,-3.449694,4.570122,1.186727,1.938648
-0.0679965,-0.09937334,-2.17377,0.2733393,-2.156597,0.5626616,-4.859737,-3.753605,1.877147,-0.9229879,-3.142889,1.745612,-0.02455282,-0.9255772,-1.654788,-2.898777,2.404827,-1.811934,-2.404975,1.104084,-1.802206,-1.146821,4.448508,0.3420947,-1.631637,-0.2578788,3.30777,4.924384,0.3891809,-2.538061,-1.356974,-1.339219,-4.569478,0.2301133,0.03860426,2.068452,4.805227,-3.234306,-0.4571226,-4.223886,-0.7658391,2.064548,0.7720031,-2.724376,4.748104,2.224251,-1.147429
2.148062,-0.1307063,-2.862884,2.972921,-3.984838,-0.8005049,3.882135,-4.297805,-3.310224,-1.399391,0.1600094,1.394374,-0.5519409,3.765299,4.966638,-3.707253,-2.261639,-1.511708,4.592938,-2.214398,-1.482728,-3.329834,3.050472,-0.9582942,0.9757977,-2.194398,-1.522297,-3.276301,0.04011226,1.994896,4.40292,-3.366838,1.789871,1.395959,4.071836,2.11183,-2.378307,3.520426,0.4380867,-4.265323,4.741392,-3.872955,-1.996002,2.708164,-1.850824,-4.367851,1.462558
2.776546,-1.268306,0.4330869,4.096817,-2.639668,-0.7053244,-4.492536,-2.039249,1.858248,-2.992656,4.903961,-0.2997525,-2.03161,3.250191,0.732873,-0.7033162,-4.424123,-0.6743925,-3.87771,-2.963549,1.481249,-0.9388189,2.34203,1.210544,0.2486973,0.178947,2.371663,-3.406279,-0.1984241,1.615209,1.547937,2.612957,1.141921,-0.3435004,-3.19365,-1.74939,-1.017725,-4.754187,-1.698057,-2.223484,1.047576,-4.121693,-0.9311526,-0.2722163,-4.461182,-3.440122,-1.051907
3.300256,4.688826,2.918464,-3.904452,2.110361,1.17276,-4.22998,-2.787853,-3.76692,-0.04777241,-3.102806,1.481566,-4.656686,-2.535229,-0.9541245,0.9535198,-1.083005,1.422397,-2.044241,-1.606722,0.9626145,0.5167322,-1.823008,1.651257,1.28551,3.635313,-3.421594,-2.341203,-1.523661,-2.973664,-1.47497,-0.9229426,-3.797058,1.117629,-3.351527,-4.068291,2.759248,2.785201,-0.6930377,4.445471,-4.510876,4.639704,-1.804517,1.396862,4.158698,2.672782,0.4554436
0.686223,-0.2286334,4.387577,-0.7686181,1.251937,0.844397,4.144317,2.92522,-1.147068,0.2498894,4.373186,1.191624,-0.9181352,-1.210974,0.1048465,-4.740753,-3.514085,0.7365617,4.881181,-4.321252,-3.133183,3.027383,2.283983,1.504166,-0.840817,0.9079151,-2.412067,-4.948579,-1.657763,-4.030144,-4.070841,1.63752,2.613946,-1.149802,-4.305437,-2.851578,-2.744615,-1.94123,-0.628422,-2.396795,1.399977,-3.86507,-0.6615407,-4.797184,-2.820564,-4.586162,-0.1523769
0.01890707,2.181747,0.05960035,4.590187,0.4290562,1.571283,-4.17977,-2.911097,-0.02954912,3.761563,1.869477,-1.342948,0.8043332,-3.378998,0.2625818,4.504491,0.8513741,-1.032362,1.539711,-1.351977,-1.059713,-4.834694,-3.022636,1.535974,3.207581,-2.263971,2.208771,-0.3686457,1.670452,2.130833,-0.4697747,2.024901,-3.038459,-0.7632473,-1.654876,1.968648,-3.378203,-1.098387,-1.051155,-1.06011,-1.263592,4.257502,-1.937861,-0.2465682,2.506121,-1.665857,1.053382
3.146423,1.94445,4.26063,2.263256,-4.25981,1.332598,3.684008,-2.441864,-3.734416,1.199949,0.2836208,-0.3494093,3.596718,2.979668,-3.927648,3.118868,4.767252,1.101025,-0.5389862,-3.054565,-0.6191535,-2.267575,4.754934,1.16863,-4.723743,-2.390461,-1.359654,-0.7632308,1.434935,-1.163487,4.110188,1.491876,4.523754,1.079021,-4.381926,0.9670572,4.35309,1.304729,-0.2372892,1.805573,1.065466,1.090815,-1.299988,2.181672,-4.839592,-0.4291434,-1.007722
-2.892061,4.338213,-0.4913778,0.470715,-2.151385,-0.6688178,3.475363,4.343908,-0.1285582,1.473018,1.423417,1.673168,-3.778206,-3.856193,-3.748445,-3.826571,3.684434,0.264497,-4.809052,-0.5398636,3.88667,1.379664,-2.395088,-0.01351571,-4.096624,-2.835206,4.555069,-3.25225,-1.265456,-1.484589,1.511684,1.898386,1.810864,-1.008883,-3.646474,-1.347985,0.5953474,-3.667408,-0.2830541,-0.2199144,-4.74964,-0.8313518,1.582814,1.877925,0.7470183,3.924536,0.5140409
-2.219789,4.495043,-0.9161716,-0.7745056,0.3192859,1.242019,2.671276,-0.8642192,2.65142,2.546583,-3.426264,-0.6576917,0.7149415,-2.753952,2.862502,1.100855,-3.118887,0.7622642,-4.209361,-4.521221,2.216347,1.230162,0.8899813,-1.6067,1.437564,-3.315022,2.285974,2.62013,-0.6646721,1.905793,3.714941,-3.382372,-2.39501,0.9945058,-2.999619,-0.09820414,-2.840496,-1.293827,-1.784863,-4.983974,-0.609365,-3.562832,-0.9225643,-0.5314584,-4.183021,4.118547,0.4586208
-3.698058,2.018987,0.8662848,-4.318686,2.343693,0.9399409,-4.257412,-2.238138,1.95001,-1.399074,-2.887001,-1.538855,-2.858407,0.6629496,1.539268,2.449512,1.40195,1.459332,-0.6733518,-1.345783,1.144152,-3.555312,-2.321425,1.87417,3.09101,4.658257,4.66515,-4.299865,1.285153,-3.613237,1.188398,-2.947302,-4.957743,-1.37784,-4.175357,-2.131355,3.411132,-4.595937,-0.3288944,-3.57889,-3.874924,-1.017974,0.6981401,-0.7268791,0.2163606,0.05582142,-0.264056
1.832952,3.027653,2.026837,-0.2225738,-0.4246302,1.767013,-0.248055,3.413307,1.718924,-4.291735,-2.493876,0.6950235,3.927567,3.092299,-0.5453129,-3.660712,3.741329,-0.8123763,-3.359308,2.121122,-4.407159,-2.929946,2.199302,-0.2377913,1.081237,1.795943,-1.920689,-0.9685593,1.377825,1.997311,0.3740864,-1.798465,4.083669,-1.364658,-2.187863,1.183467,-4.112833,1.254545,0.6363935,-3.599804,-1.68195,2.104567,-0.9727399,-1.819093,2.388285,1.160083,1.640464
-1.474649,4.721313,-0.7260056,4.284253,0.1126237,-0.4787819,-1.148645,1.941818,2.711197,0.03228712,-4.411181,-1.223278,3.306922,1.237795,-4.879209,3.268612,3.688915,1.775764,1.234532,2.809684,-0.5667825,-4.380126,2.425784,-0.6251915,-3.375807,0.8511429,3.216242,-2.064473,1.219182,1.521561,-1.545405,-4.757586,2.593204,1.650805,-1.569918,2.347745,-4.054028,-3.370852,-1.702731,-0.02848577,-2.85346,2.878489,0.7236857,0.02503824,-1.43102,4.144531,-1.920972
2.685467,-1.482806,-3.52071,-4.770435,4.20129,1.548159,0.805685,-1.769206,2.112579,3.741158,-0.3570108,1.731957,3.510375,2.129599,3.383327,-2.462778,2.442445,-0.9681828,4.093542,3.688641,0.2375607,-2.494982,-1.089715,-1.534906,3.99346,1.969992,1.265237,2.041612,-1.514187,4.760495,-1.01931,4.8071,1.776039,-1.357366,-2.504569,-1.792932,-0.9393077,-3.652349,-0.7542212,-4.102545,1.866493,4.905817,-0.09753823,3.553276,-3.159706,-1.140345,0.7107424
-1.571641,1.227781,3.856642,4.534554,-1.83295,0.2289393,-4.485408,-1.308687,-1.164627,-3.784628,3.908072,-1.347737,-1.994481,3.96703,-1.979796,1.440958,-3.392464,-0.9223897,-3.180872,2.907722,1.572503,0.3475661,-2.993713,1.714417,2.451042,-3.843533,-4.445686,2.393498,-1.514808,-3.597145,-3.504948,-0.2057071,-1.85672,-1.177138,0.797215,1.229195,3.465997,3.649323,-1.923424,3.499302,1.219584,-0.6139226,-1.407048,0.5730658,-3.339162,2.821448,-0.04281878
-0.8669906,1.356283,2.487333,-4.149381,-3.767437,0.6180429,-2.127962,-3.573819,-1.456306,1.434973,0.342627,1.798693,1.300546,-0.2196531,-0.5603318,-3.097578,3.248953,1.135392,-4.244651,2.692106,-4.57362,1.366888,0.3578897,1.842364,-2.007568,-4.596042,-4.646186,-3.645189,-0.6483362,-3.521334,-2.478733,-3.617642,-2.980363,-0.6852591,4.125544,4.046911,1.083956,4.430799,1.706158,1.231472,2.3765,-2.679868,1.024554,-2.32716,-2.709613,-0.3059978,1.092151
-0.5422406,-1.884418,0.1037688,-2.145109,0.4059644,-1.215583,-1.137905,1.975961,-0.529644,-4.229776,3.468275,0.7185397,-1.424056,-1.742668,-1.004265,2.793069,-4.16662,-1.258821,-1.183128,-1.140029,-1.286369,-4.485673,4.545715,-0.2747548,1.685264,0.8934169,-4.33979,3.355064,1.560417,2.477411,1.973598,1.931934,3.150897,-0.763377,4.685943,-0.8469958,-0.3959198,4.575331,-1.426606,-3.46416,-1.786964,-0.2081079,-0.7380989,2.205303,0.6204133,-0.8040767,-1.15645
4.203943,-0.4118209,0.361125,1.936743,-3.644476,-1.145198,1.429034,0.7454758,-4.041032,4.727045,3.285254,0.3866751,4.961984,-2.278041,-1.823558,-4.715995,4.313775,-0.6353185,1.925725,0.08577538,-0.7127266,-2.70612,3.140968,-0.2226341,1.849739,-0.3379078,1.544219,3.575542,-0.02432609,4.416094,0.4606862,3.777855,1.558212,-1.716116,1.407081,-1.265464,-0.04489613,-1.330904,-0.1561859,-3.281446,2.13275,4.259712,-1.501474,-4.492707,-3.811083,-2.169636,-0.1222765
1.927709,3.902575,-1.407654,1.581884,-1.949183,0.2738168,4.028167,3.448006,0.9920316,2.668384,2.679931,0.6780238,-2.459903,0.5835981,4.525452,2.051162,-2.191436,0.9840078,4.698711,-1.614938,-2.866669,0.6302314,-2.498242,1.00733,1.148676,0.2969937,3.770038,-2.091165,-0.8715408,4.49164,0.1235838,0.3521566,0.1542358,-0.2808034,-1.454387,-4.239386,3.200374,-3.713359,1.552126,-3.990993,4.266591,-3.222719,-0.9312375,0.2285833,-0.4751806,-4.103068,-1.942242
-4.015609,1.640255,2.207659,0.2910585,3.421427,-1.788747,-2.250137,3.122025,-0.7231765,4.743848,0.6745453,0.7286233,-1.184861,0.3796391,3.976418,2.851454,-0.4497809,1.606357,-2.613664,-2.982841,4.647181,-2.13099,-0.6961532,-0.2888238,-0.585484,-4.673242,-3.088169,-3.411795,0.6822376,2.659555,-1.780863,-3.318823,-3.144637,1.831461,2.980583,4.376536,-3.908672,-4.851676,-0.6174867,2.243043,-2.499232,-3.986017,-1.58758,4.089126,-0.1354198,2.665031,-0.4359086
-2.258409,1.877731,0.1640935,-1.394491,2.463876,0.6900758,-0.4221683,2.849653,1.320782,-0.7647972,-1.031976,-1.935849,4.227042,-2.817338,1.446185,-4.964413,-2.265222,0.6071276,-2.634349,-0.8998089,-4.626823,1.44807,2.716225,-0.554249,-2.169765,-0.3166203,3.309038,4.18046,0.1825407,1.406752,-0.2312951,-2.558563,-3.613045,-0.07205892,-4.462456,3.272954,0.3539424,3.537719,0.3321335,-1.917743,-2.270479,1.889418,0.1976755,-2.839752,3.065128,-2.948717,-0.5347507
-1.909762,0.2732759,-0.1507621,-3.425462,2.52757,1.440613,3.178291,0.4876904,4.218392,-4.112104,1.251825,-1.958262,4.565012,-3.558835,4.399438,-3.711285,0.4777713,0.641591,4.615524,-4.146339,2.317327,2.299589,1.762886,0.6923084,3.07484,-2.082257,-2.781496,4.60978,1.976438,1.811387,-3.53907,0.2187376,1.984778,1.122011,-2.43249,0.7976084,4.531226,-1.539023,0.2344964,-2.935905,-3.805875,3.683881,-0.798631,-0.6080217,0.7803483,-3.9323,1.87711
-1.936888,-3.176173,0.2514286,-3.032508,-3.264007,-1.616909,4.133343,4.810716,-0.08511353,3.795879,-4.231083,1.644664,-3.247952,3.756622,3.068556,2.382346,4.188297,-1.821982,3.71225,4.931623,2.197335,0.2146835,3.798255,1.339781,-4.713011,-1.767405,1.610856,2.129899,-0.2941473,1.49047,3.214246,0.01561356,1.19873,1.53925,-4.552016,2.462809,-2.048762,0.4922419,1.400251,-2.465969,-1.69559,4.179125,-1.576594,3.473738,1.119047,-2.927061,-0.5668828
-1.595514,-3.303123,0.5780573,-0.7459836,-1.22539,0.1087263,1.284666,3.028468,1.061499,-0.2200003,-0.02152872,0.6567964,4.931269,-4.207657,-4.624232,-3.708231,-2.29388,-0.3933671,4.478307,0.7759638,-0.2556105,0.915081,-0.6196423,-0.7347453,-3.935055,3.261486,0.4218788,-3.333317,1.788165,-0.01199913,2.428486,-2.89517,-2.510564,0.238229,-4.398769,0.3918557,4.270793,-2.166117,1.546914,-3.459289,-0.4383116,-3.45846,-0.7655385,-3.278543,-1.001153,-4.079967,-1.792445
-2.187608,-0.126472,-4.431053,3.190136,4.517832,-1.286914,-3.354376,-3.677935,0.6505151,0.3528671,-1.404806,-1.013845,1.205128,4.472536,-4.188398,1.135182,1.405916,0.3193705,-1.932194,-4.083108,-0.1707478,-4.901325,0.4012341,-1.951233,-1.230752,1.742505,-2.797258,-4.152699,0.5508737,-0.8664865,-1.14809,-3.075564,2.651901,0.5196556,4.214075,-1.744199,2.95742,-3.927079,0.4831002,-2.969632,4.648216,-1.023806,0.1978819,0.1848359,-3.394482,-3.908959,-0.9486496
-4.087113,-3.169976,0.2455692,3.728006,-2.645978,-0.3791034,-2.939241,4.13508,1.641424,-2.530708,-4.853146,0.3231003,3.04829,-0.6366701,1.997267,-1.044002,-2.779078,0.5199627,-1.470228,-3.498286,3.559778,4.872585,-1.13448,-1.14548,4.341175,-2.333123,4.257311,-1.777761,-1.484287,-3.237131,-4.243008,4.871685,4.299446,-0.6702802,-4.161488,4.810772,-2.711025,2.177649,0.2050054,-4.830988,-2.646768,-3.527405,0.7262248,4.991788,-3.394295,-4.004601,-0.1698773
0.1554613,1.917767,1.877446,0.871716,0.6397171,-0.9564083,-4.060696,2.632814,4.694938,-0.8385448,-4.520684,1.579003,4.500755,-4.393836,4.30249,-1.08469,-3.97852,1.21434,-3.113585,0.8900471,-3.9424,-2.585132,-1.044288,-0.8159387,4.506999,3.812699,3.778367,0.5990057,0.648323,-0.7829661,-3.772804,-3.196077,4.834816,-0.8230946,0.1413317,1.416166,1.827035,2.413955,-1.362498,-3.286156,0.2566166,1.881881,-1.347604,4.843384,1.650703,-0.4647284,-1.21569
0.7651587,-4.173289,-0.2213173,-3.971286,1.041666,-0.2877014,1.467242,1.956016,-0.02938557,-4.889282,0.7121449,-0.2732003,-1.54576,-3.401576,-0.5303936,-3.309424,-2.829448,1.526139,0.706809,-3.452662,4.874635,-2.08942,1.049898,-1.151187,-2.190795,0.2018862,0.2211709,2.390004,1.292454,4.909664,3.996034,-1.07281,-2.884812,-0.2673099,-2.693484,0.2483697,1.042075,-4.831685,-0.01666856,-2.48545,-1.929479,1.720904,-1.595243,4.90367,-3.392565,-3.046854,0.04253268
4.374599,-1.903536,-0.1249833,-3.776769,1.30558,-0.7560828,4.101807,-3.147244,4.728671,-1.581755,3.659928,-0.05152202,1.9329,-0.3909178,0.2956052,1.217032,0.8018999,0.03862405,-3.206204,4.913282,-3.811657,-3.226451,4.074288,1.129952,-2.799006,3.169739,-3.093924,-3.026682,-0.2627919,0.2363391,0.1126199,4.646539,3.667067,-0.07268691,3.755341,-0.3576164,0.7901282,1.112689,-0.8306782,0.8481817,-3.219378,-3.892992,1.865047,4.250035,-3.818877,-4.851512,0.06937671
0.4557114,-1.182926,-2.374087,-2.08467,0.7244925,1.968164,0.9614615,3.00949,4.102449,3.12978,-0.1682549,-1.870186,3.14438,3.944784,0.514112,3.146961,2.88765,0.1070492,3.474087,3.265251,-3.71916,4.686341,-1.851961,-0.9471123,0.5539961,2.257879,-1.005263,1.475295,1.069148,-3.020372,-2.662877,1.893771,3.17542,-0.6490586,-3.324845,-3.59481,-1.820467,1.945919,0.08054471,-2.107806,-0.820107,-1.409731,0.4889648,-4.348993,3.250717,3.855767,1.890336
0.3079777,-0.04238796,3.15775,1.034129,3.273835,0.9404029,2.306805,1.99621,3.25567,-3.027963,-2.056794,-0.5985839,4.39396,-1.699538,4.663762,-3.041678,-3.818115,0.4832647,-2.334292,-3.9744,-3.368965,1.313565,3.042545,1.793771,-2.488516,-2.462669,0.6263428,4.53609,0.321192,1.695226,0.4592772,3.374585,2.478471,-1.026352,-1.986315,2.647184,-3.098618,2.06573,-1.169499,-3.796728,0.04540634,-1.603234,-0.2294796,-3.614555,3.365254,2.592658,-0.5499012
0.0486784,-2.39095,-4.324466,-0.7710857,0.8213835,0.7002944,-2.546566,2.191432,1.274601,-4.119233,-2.440469,-1.053129,4.337656,2.866402,-1.885255,-2.796124,-0.006597519,1.528727,3.396359,-0.2544613,1.345136,2.966771,-4.788684,-1.257146,1.135056,-0.523675,-0.5194945,-2.864238,0.5694613,1.740012,1.108198,-2.308483,3.855048,0.09260821,-3.626451,3.303851,-2.272448,-1.724414,0.2081106,-0.03266764,-1.902912,0.08406591,0.4877388,-4.97098,-0.4964132,0.646637,-1.360422
-1.196599,-4.559843,-2.764477,-2.885878,-0.8093934,1.829136,4.257693,3.082223,-2.0087,2.009521,-4.607779,1.686361,4.219519,2.68916,4.227653,1.44916,4.008542,0.62855,0.8933182,-1.165189,-0.4096909,1.713221,-0.2429361,-0.8687341,0.8958859,0.2061958,0.1117988,1.603041,1.210052,-4.984971,-0.989769,1.917214,2.05564,1.031574,2.352622,0.7116275,-3.655989,3.294049,-1.435188,3.632467,-4.838127,2.230344,-1.249116,-0.6441684,2.870282,-3.27832,0.6044344
-2.505584,-3.910089,-3.442938,-4.8962,-2.464451,1.127922,2.558277,4.324294,-2.984761,3.197583,-2.467251,1.290581,0.3930397,4.986513,-2.333153,1.67596,-0.4412608,0.4638202,-2.167104,3.060911,3.204317,1.366652,-0.0679059,-0.8732121,1.579705,-4.640945,3.627138,-0.2845459,1.777422,-2.595563,4.069265,0.46632,0.9327002,-0.2369759,-2.54034,1.074903,0.0210743,-4.273972,0.6217965,1.761497,-3.92036,-3.465142,-1.438293,1.924261,0.1392217,2.47977,-1.074417
-0.5861311,-0.6858654,2.4687,3.346308,-3.272594,-0.3181574,3.660702,2.362491,-4.90868,3.56845,-1.69293,-0.5413826,-3.39122,-4.537117,1.479291,-2.366216,4.080335,-1.216074,2.416406,-3.64884,-0.3623528,2.808981,4.353878,1.643663,-0.09685087,-3.138208,0.5909805,-2.765594,-0.7535818,-2.123223,1.421388,-4.421495,-0.7971568,0.5132899,1.98815,-1.874425,-3.105627,0.4297404,1.071261,3.568411,-1.858919,-2.028676,-0.280103,4.440837,-0.9072895,-1.602935,-0.2103994
1.679169,1.492544,3.628963,2.370923,2.96237,0.139828,4.43531,-4.509278,-3.544354,1.233644,-0.7658439,0.8550047,-2.656375,-1.05323,0.5349426,2.274842,-0.1788526,-0.04294086,2.140418,-0.6749516,2.58551,-2.47127,1.802496,1.016692,1.576953,-0.2338452,4.531599,-0.6402941,-0.9340122,1.936202,-3.978555,-3.272882,0.1268892,1.674316,0.04275608,1.606958,-0.9396105,-4.021421,-1.263505,-3.998539,-0.7900949,-3.274746,1.64028,3.734201,-1.743899,4.53806,-1.509928
3.563519,-0.7910247,-3.549462,-0.7249231,-4.045983,-0.7961552,-4.292782,1.080044,-2.249821,4.210064,-0.4814057,-0.6877983,4.111822,-2.189648,2.463089,3.066499,-2.470262,0.5780119,-1.149201,-1.79614,4.478161,3.231483,3.283444,1.97789,0.04637432,1.38326,3.120862,4.106268,-1.519333,3.229667,-3.413467,-3.085518,-0.9142036,0.1019638,3.215278,-4.596929,-0.07798624,-0.5869098,-1.452404,-0.9607573,0.8753581,1.52519,-1.716306,4.632509,-3.32494,3.71016,0.5326585
-3.578433,-2.971971,1.373178,-1.905637,1.812863,0.7887363,-1.974192,-3.546185,2.447366,3.041059,-1.440889,0.5287446,4.14175,-4.30085,0.8794169,-4.224741,3.744637,-0.3222754,-0.7252197,2.324499,4.986025,-0.305212,0.1866622,1.432075,1.88977,4.274435,-4.71258,-1.518076,-0.2764957,3.360392,-4.11394,3.787708,2.075565,-0.9573829,-3.380217,-4.138284,2.497643,-4.979013,-1.335732,-1.147272,-0.3463154,-1.221532,-0.4976099,-3.413813,-4.027592,-3.816948,0.3224022
-1.359311,-2.586341,1.945692,4.613253,2.619537,-1.412387,3.660999,-0.5173512,-4.791018,-0.5432634,4.079082,-1.956837,-3.316359,-3.336651,-2.764692,-1.282671,-2.010591,1.908159,-3.097819,-2.474622,-2.601459,-3.415916,-1.186276,1.8264,4.495577,-4.395964,-0.09956551,0.9316449,-1.57961,-3.005707,-0.9251528,-4.070311,4.839114,0.9071273,-3.160826,2.469941,4.29232,0.1948481,1.889553,-4.821796,3.070436,-3.065115,-0.3774354,4.487163,-0.3898125,4.697551,-0.1537173
-3.145546,1.623889,-3.738719,-0.1737599,-3.63414,1.277732,2.644001,-2.740567,-2.541181,-2.111866,3.367099,-1.43756,-1.34643,2.546244,4.593253,-1.123574,4.530359,-0.7627137,3.68731,-1.422355,-0.5825787,-4.953888,-2.472472,0.1756918,-2.944584,-4.515733,-3.886986,4.975056,-1.196965,0.8912306,0.4098172,0.4774861,1.532487,-1.140043,2.69181,-1.025655,4.674769,-1.381567,-0.3602517,1.660371,-2.025814,-0.1240416,-1.145228,1.425769,0.3979034,4.55899,-1.089229
2.18646,-4.71765,-3.299255,-0.8160133,-1.454253,0.46154,-2.714221,-3.772499,-4.972622,1.218777,-3.472435,-0.104706,-1.596627,0.9385772,3.1119,0.4986067,-1.239731,-0.008878946,-2.050505,0.879374,-0.124052,2.874634,-1.601279,1.165434,4.981208,-1.647633,4.702262,4.477095,0.6028628,-0.9823685,4.714517,3.185972,-2.57141,-0.6198714,-0.3347092,-3.363662,4.358005,3.896494,0.2471659,3.384934,-1.733536,-3.009948,0.5796551,-0.724278,-3.136448,4.252444,0.6411294
3.420672,3.850652,-2.857003,0.5292721,1.16574,-1.135202,-4.961838,-4.863066,-4.874415,2.741424,4.218364,0.7354903,-0.04742432,-2.978127,-1.425343,-0.6934695,2.440214,1.721817,4.953008,3.253155,-0.6214256,4.049186,0.466588,1.699767,-0.8564,1.631571,-1.34749,3.833609,-0.9913094,3.793683,1.261456,-2.774894,-0.6024437,-1.340828,0.1826768,2.009152,2.442974,-3.239954,-0.4910672,-4.68259,-2.832272,-2.45452,0.4525421,1.214264,-0.3186588,3.423057,0.2873604
-2.703594,-3.598238,1.179635,-1.518735,-2.096754,0.806426,4.797766,-4.531786,-0.3971248,-3.646444,4.027101,-1.965266,0.03790903,1.097042,-2.84556,-1.976839,4.234634,-0.2044098,-4.828162,-2.698667,-3.326838,-4.622347,-4.194757,1.294372,2.528481,-0.408874,1.335931,-3.946887,1.829849,-0.1583047,-3.602135,1.165283,0.4871268,0.8946113,1.716255,0.3244252,4.41967,-3.061804,-1.480474,-3.937193,1.17631,-4.211192,-0.7568643,1.170669,0.3212981,-0.8999543,-1.173408
-1.043134,3.259948,0.2428584,-2.279384,3.104362,-1.903666,1.394015,0.8175058,-3.49967,0.2400155,1.364608,-0.7604387,-4.159668,3.035581,1.884178,-3.770517,-3.657351,-0.9347737,-1.478799,2.494019,0.4681749,2.686725,3.631516,1.14789,0.01464653,-4.421691,2.216753,4.593718,1.423882,4.681205,1.629281,-0.4259162,-2.650124,1.771542,0.7769542,-2.501263,1.591386,3.476791,0.2098248,1.685433,2.249345,-3.532146,-1.366253,4.230144,0.9623914,4.120354,1.138813
-4.508677,3.427027,4.836631,1.51563,0.01124191,-1.278745,0.123517,3.499926,-4.435722,-3.508762,0.66642,0.9246039,2.335995,3.568318,3.398731,-0.7670979,1.681079,0.7555417,3.998753,3.608871,1.33905,-2.421833,-3.496033,0.1695092,-4.336419,0.494215,-3.666567,4.12127,1.794935,1.066305,-2.727848,-3.348126,2.24637,-0.839092,1.927868,-1.108999,-2.274639,-1.159745,-1.574461,1.289324,-4.576908,-2.681861,-0.8671343,4.972743,3.288355,-4.49346,-0.9623072
-4.672455,3.440416,-2.999577,1.846324,-0.8293896,1.118558,-3.667537,-3.65468,-4.102146,-1.685193,-2.604592,-1.08674,1.969422,-2.64159,-0.3928165,2.257092,-3.938877,0.9856276,-0.4770117,1.38568,0.6808167,-3.451105,0.3758426,-1.674632,4.608459,1.950139,-0.3157206,0.7138343,1.437724,-4.407257,-1.181243,0.1749043,-3.366705,-1.66508,-4.413424,3.244989,1.296525,-0.4250984,0.4124668,-0.5562491,1.359038,-4.264917,-0.229986,-0.08897591,1.173467,1.562283,-0.4756882
-4.305987,-3.792959,1.70397,4.148504,-4.823992,1.596035,-1.282292,3.174265,0.5874557,-1.752732,2.80732,-0.173526,-1.139172,3.31084,-4.910576,2.666455,-0.0404911,-1.44527,1.401713,2.513196,-4.793601,-2.108242,-2.168162,0.2766097,-1.337865,-3.130071,-3.094887,4.897512,-1.413612,4.206369,-4.34734,1.899738,1.99219,0.1334531,1.750961,-4.331294,-0.1754851,-1.010015,-0.6584704,-2.356561,-1.564524,-4.430966,-0.7954834,-1.883449,0.319715,3.469067,0.6753497
2.396923,1.327002,1.017005,3.936419,-3.626308,1.251256,-0.03565836,-0.01324844,-0.9449725,-1.441366,4.513122,0.4018557,-0.3266721,-1.057437,-0.2568431,3.805507,1.457269,-0.2928684,4.811702,-4.929729,0.9606953,2.241486,3.571663,0.3947771,-1.114187,1.402149,0.6639891,-2.103848,1.415981,-4.930218,2.636434,-3.290991,-1.324623,-1.306178,1.144608,-1.018441,0.801218,-0.3618793,0.9078245,1.245916,-3.741647,-4.409813,-1.117683,1.734444,-3.866543,-3.313728,1.952679
2.873894,0.1547985,0.4546671,0.03298092,-4.262838,-1.475332,3.609164,-0.8290415,-3.189808,-3.748892,-0.953793,-0.2979453,-3.571405,-3.487077,-0.06965685,-1.083534,3.432972,1.179331,2.47623,-2.464285,0.6402068,-3.6312,2.433622,-1.431495,2.007833,-2.789693,4.602275,-4.721636,1.467451,1.888775,4.941051,-3.51223,-1.995584,-0.3019154,-0.07941198,-0.5290179,3.258984,1.823766,1.685144,-1.77419,3.431647,-0.7173271,-1.905592,3.781187,-1.084445,2.761989,0.07706904
-0.08892965,3.756509,1.867147,-1.901894,4.327937,0.1686838,4.853289,-0.08948135,-1.074824,-3.279394,-0.4248161,0.8486099,-2.326865,-2.405362,-3.959496,-2.683583,-2.874308,-0.8151791,-4.9151,2.849357,-0.8415561,-2.053059,-1.281844,-0.6877792,-4.982228,-4.950903,-3.077873,0.5980616,0.7329029,4.065104,-3.927764,-1.583678,0.8467431,-1.666937,0.3621082,-4.045161,3.027672,-2.543358,0.9460921,4.226925,-1.234546,1.384705,0.7474317,-3.316346,2.540269,1.804991,1.887671
2.598881,-3.891906,-4.017408,4.50628,-3.928505,1.851609,4.803659,-2.83386,1.691202,4.065495,-4.539914,-0.8285048,-0.1923318,1.538179,4.427071,-2.881464,-3.566766,1.985544,-4.559092,-3.244647,-3.823357,2.59162,2.468141,-1.116861,-4.442348,3.264374,-3.992132,1.939065,-1.569485,3.753651,-0.0800271,1.371366,0.2866917,-1.816302,-2.726184,-4.637339,-0.4698224,-0.8076091,-1.652315,-1.193547,-2.779392,4.2338,-0.5196359,-3.616591,-1.54038,1.409751,-0.3742206
3.717954,3.014334,-3.640119,-4.098344,3.17569,0.1265767,-4.27065,-2.93871,-1.49918,2.960135,2.38117,1.828412,2.112012,2.127372,3.410602,0.6410761,-2.761497,-1.018454,4.686758,4.907161,2.286348,-4.833326,-3.138414,-0.9759185,1.243506,-1.592965,0.4829712,3.208514,0.6347474,3.518002,-0.1672597,0.5792303,3.140576,1.582512,-0.2015309,3.724929,2.674886,3.19352,0.5507841,2.180259,-2.472262,-1.172636,-0.185806,-3.439951,4.991193,0.1026912,-0.08766294
-2.52099,-3.190703,-1.498444,4.72879,4.1957,-0.8051736,-2.289741,-0.9710665,-0.8783431,-1.076829,1.90923,0.07541776,-1.686928,2.837164,3.061366,-4.690276,0.8423977,1.321605,4.187992,3.433731,-2.361992,-2.455154,4.188622,-0.01649785,-3.737765,2.971225,3.217521,-1.029692,-0.8984749,-0.8635278,-3.467931,0.2953558,-3.894232,0.3913581,1.597529,3.036424,0.2209263,-3.498472,-1.817527,-4.75948,4.566395,2.591654,-1.037745,3.817482,3.642126,-4.759094,0.01305366
0.348701,2.595755,-1.895554,4.231602,4.169699,0.6347818,-4.950942,-3.961754,0.09561253,-3.058398,3.351083,1.060135,-2.715254,1.784564,4.842943,-1.407273,-0.2408962,-1.797278,4.900037,-2.559747,-1.388399,-3.286921,2.265118,1.596855,-3.805816,-1.479451,2.81047,-0.4174609,1.624569,-2.510037,0.2230568,1.173056,0.4206867,0.514986,-1.62612,3.518764,4.112751,0.2126069,-0.492326,-4.015532,1.885515,-2.948223,-0.3776605,0.001309395,-0.5187755,2.270808,-1.440677
-4.750479,-0.613708,-1.155165,4.429449,-0.116003,1.944129,-1.364634,-1.204161,-2.679101,3.180865,-3.777406,-1.322042,2.375703,-2.190029,-4.735488,0.3818007,-1.710423,-1.997403,-0.3333778,-3.114557,-3.359329,4.255837,4.616951,-1.988399,3.971633,1.652823,4.068336,-4.920267,1.873475,-4.148691,-3.132839,4.329298,1.312503,-1.847636,0.8040972,-3.986058,0.4663186,-4.196974,0.002939463,-2.75571,0.7089276,-2.875222,-0.8604496,3.40412,0.6147151,0.08960772,-0.7702215
2.518677,0.4565816,0.6581945,-1.308712,0.5522175,0.7490272,0.1681442,4.700305,4.601295,0.941277,3.94664,0.3705857,3.454506,4.536743,-1.51859,-2.039232,4.753091,-1.27387,3.166076,3.062229,3.270769,-0.5331798,-1.232416,-1.694518,4.053444,1.998243,0.9897761,-0.8551078,1.28169,-0.8610492,-4.945501,-0.5284352,1.529133,-1.46683,-1.950929,-3.004016,3.1256,2.282387,1.753627,-1.732371,4.259044,-1.426168,0.5073652,2.502828,3.95085,-4.517269,0.6592221
2.348176,3.413777,-2.055172,-4.106975,-2.78441,-0.3162901,3.235908,-0.2118735,3.13293,-4.181606,-2.661276,-1.779472,0.7414861,-1.996934,4.236135,-4.20589,-0.5561776,0.1442215,-2.537341,-4.820921,3.806473,1.255321,-1.515079,0.8667254,-3.669257,2.711306,-3.175206,4.071434,-1.033048,1.692638,-0.09328175,3.316086,4.667562,-1.048195,1.083501,1.829257,-3.709886,-4.838753,-1.501885,-3.782356,0.002495766,-4.3346,-0.1831496,-3.711987,-0.5828376,-0.6521244,-0.9652193
-2.457176,-4.515335,4.223332,4.048147,1.526883,-0.06688237,1.615094,-3.621631,0.7410951,1.850237,-1.912425,-1.086698,-1.396237,4.718201,0.4349346,2.261063,-2.967444,0.3804238,4.195767,-1.843771,0.03555012,-1.704525,-1.534774,0.4209549,0.4686313,-4.030837,-4.639445,4.389733,-1.779742,-1.807087,-4.484815,0.1094728,-4.807011,1.455237,-1.701142,-3.834727,-2.4363,1.302394,-0.009042978,-2.719672,1.101486,1.744751,-0.7031667,1.599858,-1.192002,4.382662,0.2409785
-4.744958,3.955557,3.35338,4.322556,-4.743141,0.9225673,-3.11517,3.836118,0.8185072,4.926895,-2.0653,-0.5278385,-1.141143,-0.5773158,4.70718,3.300041,-3.296844,-0.4791157,4.130811,-1.68209,-3.400287,-0.12567,-0.8962469,-1.04316,-0.6116133,-2.348292,4.810234,1.391319,1.564791,1.78561,0.6878929,-0.5280046,2.630297,-0.0008766651,1.686095,4.984212,1.403167,4.714514,0.245755,-0.3073306,-0.06834936,-3.365302,-0.3349349,-4.543695,2.543192,-4.433665,-1.97091
2.220731,1.189274,-0.761797,3.354813,1.694662,-0.3762329,-4.1331,-4.812487,0.7868929,-3.973326,-1.115367,-1.577127,-3.762392,-3.324993,1.050048,3.370503,2.106885,0.5745925,2.617282,3.894091,0.5042071,-3.365212,-2.540736,-0.615257,-2.009544,-2.801256,-1.62317,4.621637,-1.071934,0.4458981,-2.195651,0.3919845,-2.81124,-0.0008609295,1.13983,0.4950147,4.758533,-0.3730435,0.08307576,-2.7678,4.47341,-1.331203,1.224757,-2.518372,-1.107001,3.276228,-0.827203
-2.185193,0.8505411,-1.293562,2.237358,0.2604337,-0.2169864,-4.738884,3.617387,1.678152,-0.9829168,3.212371,-0.6838558,2.854687,-1.136978,-2.291883,-1.917639,4.700779,0.3690069,-2.162687,2.351006,-0.8117633,-1.197876,-4.988096,-0.9610322,-2.331812,-3.390947,3.012137,2.075241,0.6076073,4.161413,-3.748178,-0.3979092,-0.3325648,-1.570152,-4.279612,2.986133,-0.6426616,-4.942151,-1.848724,-4.930645,-1.746461,1.923536,-1.194861,-0.6857066,-2.377027,-4.696957,0.9482612
3.983429,4.01055,-2.33439,4.706523,-0.2794118,0.352082,2.136071,3.46547,2.269283,0.05641031,-2.946357,1.603209,1.04913,4.694487,4.303509,-4.877177,-2.069445,-1.498699,-0.7204599,-2.895033,-1.181231,0.7770367,0.6019526,0.6837954,-2.276723,-4.653671,3.590741,-2.624838,-1.523746,1.880801,2.62787,-1.986518,2.936958,-1.535994,4.107878,-1.315306,-4.849293,-3.050608,-0.3945448,-4.811407,-3.763762,4.260941,-1.118967,-0.02386618,-0.6361122,-0.8579893,1.430449
-2.149222,-2.966856,-0.8535285,-4.893266,2.73594,-0.5120757,1.638283,2.944343,1.085753,2.553409,-2.862755,1.625969,-0.1953464,-0.9534855,1.740761,4.995243,-4.351572,0.129041,4.508086,4.061968,2.804158,-4.120346,-1.568516,-0.4502075,-3.522243,-4.166455,-0.05215693,-0.7111211,1.737257,2.880136,-1.856878,2.8276,0.9178991,-0.09820199,-3.971239,3.571233,2.858351,-3.67991,0.1718247,-3.545103,-3.969358,-3.433426,1.556596,1.597817,2.14675,0.2627416,-1.960094
4.488253,-1.244864,0.4360394,-4.013823,3.852251,-1.175638,3.799083,-0.8383541,4.6458,-3.64497,4.65836,-0.3504941,-2.614727,-0.643589,4.575241,2.028935,-1.663058,1.481915,-1.974388,4.025337,-3.530804,1.899142,3.443822,-1.127971,-0.29952,3.752008,-0.6257443,2.138368,-1.730822,4.541153,2.571279,3.401495,-4.909559,0.4623711,0.2886133,-1.042753,-3.160724,-3.366225,0.717338,-3.57923,-0.3926249,3.061969,-0.0202558,-1.688807,-4.650203,2.188736,-0.3402002
-1.103762,1.974132,3.693564,0.3230901,-2.328918,-1.190197,3.760234,-1.651201,-2.99881,1.011066,1.208563,-1.666611,4.206863,-1.240745,2.23698,2.332911,1.896232,-0.6037276,1.287916,-1.695271,-3.867309,-1.063857,-3.339448,-1.574816,2.14046,-2.734373,1.731257,1.814761,0.8671049,4.327846,4.303429,1.091053,-3.815845,1.716172,-2.669017,2.975932,1.411952,-4.374057,-0.9744198,-1.27577,-2.80817,2.396079,0.8657216,3.050086,2.337743,0.6682773,-0.681586
-4.563848,3.267046,-1.943583,-4.167532,3.903353,1.173044,1.253414,4.197188,-1.520464,4.417829,4.762501,1.671866,4.310615,4.298009,-3.652639,-3.113576,-0.5674415,1.584173,-0.1198001,-3.467443,3.291751,2.796075,3.805258,1.715042,-2.708865,-2.787652,4.585062,1.207114,1.352917,2.707652,-3.651046,3.0196,-2.745776,1.735609,-2.909311,-0.754909,-3.758965,-0.939991,0.3488495,-2.394423,0.7634001,3.636644,1.363194,-4.232576,4.914308,4.2672,0.07089257
